{
  "lighting": {
    "backgroundColor": "#afc8dc",
    "ambientColor": "#333333",
    "directionalLights": [
      {
        "direction": [
          1,
          -1,
          -0.3
        ],
        "color": "#FDFDFD",
        "worldDirection": [
          0.678445347483307,
          -0.6957241166450195,
          -0.23596581107601625
        ]
      },
      {
        "direction": [
          -1,
          0,
          -0.2
        ],
        "color": "#B5B5B5",
        "worldDirection": [
          -0.989182599039776,
          0.0015671534755041501,
          -0.14668104781088107
        ]
      },
      {
        "direction": [
          0,
          0,
          -1
        ],
        "color": "#303030",
        "worldDirection": [
          -0.05018128761218907,
          -0.00847975643946612,
          -0.9987041264079719
        ]
      }
    ]
  },
  "camera": {
    "near": 0.1786038726568222,
    "far": 142.88308715820312,
    "width": 32.14868927001953,
    "distance": 71.44154357910156,
    "up": [
      -0.4309699833393097,
      -0.7956888675689697,
      -0.4256017804145813
    ],
    "lookAt": [
      0,
      0,
      0
    ],
    "lookDir": [
      0.16253234446048737,
      -0.53239506483078,
      0.8307456970214844
    ],
    "perspective": true
  },
  "embedding": [
    1,
    0,
    0,
    0,
    0,
    1,
    0,
    0,
    0,
    0,
    1,
    0,
    0,
    0,
    0,
    1
  ],
  "orientations": [
    [
      1,
      0,
      0,
      0,
      0,
      1,
      0,
      0,
      0,
      0,
      1,
      0,
      0,
      0,
      0,
      1
    ],
    [
      0,
      0,
      1,
      0,
      1,
      0,
      0,
      0,
      0,
      1,
      0,
      0,
      0,
      0,
      0,
      1
    ],
    [
      0,
      1,
      0,
      0,
      0,
      0,
      1,
      0,
      1,
      0,
      0,
      0,
      0,
      0,
      0,
      1
    ],
    [
      0.8090169943749475,
      0.30901699437494745,
      0.5,
      0,
      0.30901699437494745,
      0.5,
      -0.8090169943749475,
      0,
      -0.5,
      0.8090169943749475,
      0.30901699437494745,
      0,
      0,
      0,
      0,
      1
    ],
    [
      -0.5,
      0.8090169943749475,
      0.30901699437494745,
      0,
      0.8090169943749475,
      0.30901699437494745,
      0.5,
      0,
      0.30901699437494745,
      0.5,
      -0.8090169943749475,
      0,
      0,
      0,
      0,
      1
    ],
    [
      0.30901699437494745,
      0.5,
      -0.8090169943749475,
      0,
      -0.5,
      0.8090169943749475,
      0.30901699437494745,
      0,
      0.8090169943749475,
      0.30901699437494745,
      0.5,
      0,
      0,
      0,
      0,
      1
    ],
    [
      0.5,
      0.8090169943749475,
      0.30901699437494745,
      0,
      0.8090169943749475,
      -0.30901699437494745,
      -0.5,
      0,
      -0.30901699437494745,
      0.5,
      -0.8090169943749475,
      0,
      0,
      0,
      0,
      1
    ],
    [
      -0.30901699437494745,
      0.5,
      -0.8090169943749475,
      0,
      0.5,
      0.8090169943749475,
      0.30901699437494745,
      0,
      0.8090169943749475,
      -0.30901699437494745,
      -0.5,
      0,
      0,
      0,
      0,
      1
    ],
    [
      0.8090169943749475,
      -0.30901699437494745,
      -0.5,
      0,
      -0.30901699437494745,
      0.5,
      -0.8090169943749475,
      0,
      0.5,
      0.8090169943749475,
      0.30901699437494745,
      0,
      0,
      0,
      0,
      1
    ],
    [
      0.5,
      0.8090169943749475,
      -0.30901699437494745,
      0,
      0.8090169943749475,
      -0.30901699437494745,
      0.5,
      0,
      0.30901699437494745,
      -0.5,
      -0.8090169943749475,
      0,
      0,
      0,
      0,
      1
    ],
    [
      0.30901699437494745,
      -0.5,
      -0.8090169943749475,
      0,
      0.5,
      0.8090169943749475,
      -0.30901699437494745,
      0,
      0.8090169943749475,
      -0.30901699437494745,
      0.5,
      0,
      0,
      0,
      0,
      1
    ],
    [
      0.8090169943749475,
      -0.30901699437494745,
      0.5,
      0,
      0.30901699437494745,
      -0.5,
      -0.8090169943749475,
      0,
      0.5,
      0.8090169943749475,
      -0.30901699437494745,
      0,
      0,
      0,
      0,
      1
    ],
    [
      0.8090169943749475,
      0.30901699437494745,
      -0.5,
      0,
      0.30901699437494745,
      0.5,
      0.8090169943749475,
      0,
      0.5,
      -0.8090169943749475,
      0.30901699437494745,
      0,
      0,
      0,
      0,
      1
    ],
    [
      0.5,
      -0.8090169943749475,
      0.30901699437494745,
      0,
      0.8090169943749475,
      0.30901699437494745,
      -0.5,
      0,
      0.30901699437494745,
      0.5,
      0.8090169943749475,
      0,
      0,
      0,
      0,
      1
    ],
    [
      0.30901699437494745,
      0.5,
      0.8090169943749475,
      0,
      0.5,
      -0.8090169943749475,
      0.30901699437494745,
      0,
      0.8090169943749475,
      0.30901699437494745,
      -0.5,
      0,
      0,
      0,
      0,
      1
    ],
    [
      1,
      0,
      0,
      0,
      0,
      -1,
      0,
      0,
      0,
      0,
      -1,
      0,
      0,
      0,
      0,
      1
    ],
    [
      0,
      0,
      1,
      0,
      -1,
      0,
      0,
      0,
      0,
      -1,
      0,
      0,
      0,
      0,
      0,
      1
    ],
    [
      0,
      1,
      0,
      0,
      0,
      0,
      -1,
      0,
      -1,
      0,
      0,
      0,
      0,
      0,
      0,
      1
    ],
    [
      0.8090169943749475,
      0.30901699437494745,
      0.5,
      0,
      -0.30901699437494745,
      -0.5,
      0.8090169943749475,
      0,
      0.5,
      -0.8090169943749475,
      -0.30901699437494745,
      0,
      0,
      0,
      0,
      1
    ],
    [
      -0.5,
      0.8090169943749475,
      0.30901699437494745,
      0,
      -0.8090169943749475,
      -0.30901699437494745,
      -0.5,
      0,
      -0.30901699437494745,
      -0.5,
      0.8090169943749475,
      0,
      0,
      0,
      0,
      1
    ],
    [
      0.30901699437494745,
      0.5,
      -0.8090169943749475,
      0,
      0.5,
      -0.8090169943749475,
      -0.30901699437494745,
      0,
      -0.8090169943749475,
      -0.30901699437494745,
      -0.5,
      0,
      0,
      0,
      0,
      1
    ],
    [
      0.5,
      0.8090169943749475,
      0.30901699437494745,
      0,
      -0.8090169943749475,
      0.30901699437494745,
      0.5,
      0,
      0.30901699437494745,
      -0.5,
      0.8090169943749475,
      0,
      0,
      0,
      0,
      1
    ],
    [
      -0.30901699437494745,
      0.5,
      -0.8090169943749475,
      0,
      -0.5,
      -0.8090169943749475,
      -0.30901699437494745,
      0,
      -0.8090169943749475,
      0.30901699437494745,
      0.5,
      0,
      0,
      0,
      0,
      1
    ],
    [
      0.8090169943749475,
      -0.30901699437494745,
      -0.5,
      0,
      0.30901699437494745,
      -0.5,
      0.8090169943749475,
      0,
      -0.5,
      -0.8090169943749475,
      -0.30901699437494745,
      0,
      0,
      0,
      0,
      1
    ],
    [
      0.5,
      0.8090169943749475,
      -0.30901699437494745,
      0,
      -0.8090169943749475,
      0.30901699437494745,
      -0.5,
      0,
      -0.30901699437494745,
      0.5,
      0.8090169943749475,
      0,
      0,
      0,
      0,
      1
    ],
    [
      0.30901699437494745,
      -0.5,
      -0.8090169943749475,
      0,
      -0.5,
      -0.8090169943749475,
      0.30901699437494745,
      0,
      -0.8090169943749475,
      0.30901699437494745,
      -0.5,
      0,
      0,
      0,
      0,
      1
    ],
    [
      0.8090169943749475,
      -0.30901699437494745,
      0.5,
      0,
      -0.30901699437494745,
      0.5,
      0.8090169943749475,
      0,
      -0.5,
      -0.8090169943749475,
      0.30901699437494745,
      0,
      0,
      0,
      0,
      1
    ],
    [
      0.8090169943749475,
      0.30901699437494745,
      -0.5,
      0,
      -0.30901699437494745,
      -0.5,
      -0.8090169943749475,
      0,
      -0.5,
      0.8090169943749475,
      -0.30901699437494745,
      0,
      0,
      0,
      0,
      1
    ],
    [
      0.5,
      -0.8090169943749475,
      0.30901699437494745,
      0,
      -0.8090169943749475,
      -0.30901699437494745,
      0.5,
      0,
      -0.30901699437494745,
      -0.5,
      -0.8090169943749475,
      0,
      0,
      0,
      0,
      1
    ],
    [
      0.30901699437494745,
      0.5,
      0.8090169943749475,
      0,
      -0.5,
      0.8090169943749475,
      -0.30901699437494745,
      0,
      -0.8090169943749475,
      -0.30901699437494745,
      0.5,
      0,
      0,
      0,
      0,
      1
    ],
    [
      -1,
      0,
      0,
      0,
      0,
      -1,
      0,
      0,
      0,
      0,
      1,
      0,
      0,
      0,
      0,
      1
    ],
    [
      0,
      0,
      -1,
      0,
      -1,
      0,
      0,
      0,
      0,
      1,
      0,
      0,
      0,
      0,
      0,
      1
    ],
    [
      0,
      -1,
      0,
      0,
      0,
      0,
      -1,
      0,
      1,
      0,
      0,
      0,
      0,
      0,
      0,
      1
    ],
    [
      -0.8090169943749475,
      -0.30901699437494745,
      -0.5,
      0,
      -0.30901699437494745,
      -0.5,
      0.8090169943749475,
      0,
      -0.5,
      0.8090169943749475,
      0.30901699437494745,
      0,
      0,
      0,
      0,
      1
    ],
    [
      0.5,
      -0.8090169943749475,
      -0.30901699437494745,
      0,
      -0.8090169943749475,
      -0.30901699437494745,
      -0.5,
      0,
      0.30901699437494745,
      0.5,
      -0.8090169943749475,
      0,
      0,
      0,
      0,
      1
    ],
    [
      -0.30901699437494745,
      -0.5,
      0.8090169943749475,
      0,
      0.5,
      -0.8090169943749475,
      -0.30901699437494745,
      0,
      0.8090169943749475,
      0.30901699437494745,
      0.5,
      0,
      0,
      0,
      0,
      1
    ],
    [
      -0.5,
      -0.8090169943749475,
      -0.30901699437494745,
      0,
      -0.8090169943749475,
      0.30901699437494745,
      0.5,
      0,
      -0.30901699437494745,
      0.5,
      -0.8090169943749475,
      0,
      0,
      0,
      0,
      1
    ],
    [
      0.30901699437494745,
      -0.5,
      0.8090169943749475,
      0,
      -0.5,
      -0.8090169943749475,
      -0.30901699437494745,
      0,
      0.8090169943749475,
      -0.30901699437494745,
      -0.5,
      0,
      0,
      0,
      0,
      1
    ],
    [
      -0.8090169943749475,
      0.30901699437494745,
      0.5,
      0,
      0.30901699437494745,
      -0.5,
      0.8090169943749475,
      0,
      0.5,
      0.8090169943749475,
      0.30901699437494745,
      0,
      0,
      0,
      0,
      1
    ],
    [
      -0.5,
      -0.8090169943749475,
      0.30901699437494745,
      0,
      -0.8090169943749475,
      0.30901699437494745,
      -0.5,
      0,
      0.30901699437494745,
      -0.5,
      -0.8090169943749475,
      0,
      0,
      0,
      0,
      1
    ],
    [
      -0.30901699437494745,
      0.5,
      0.8090169943749475,
      0,
      -0.5,
      -0.8090169943749475,
      0.30901699437494745,
      0,
      0.8090169943749475,
      -0.30901699437494745,
      0.5,
      0,
      0,
      0,
      0,
      1
    ],
    [
      -0.8090169943749475,
      0.30901699437494745,
      -0.5,
      0,
      -0.30901699437494745,
      0.5,
      0.8090169943749475,
      0,
      0.5,
      0.8090169943749475,
      -0.30901699437494745,
      0,
      0,
      0,
      0,
      1
    ],
    [
      -0.8090169943749475,
      -0.30901699437494745,
      0.5,
      0,
      -0.30901699437494745,
      -0.5,
      -0.8090169943749475,
      0,
      0.5,
      -0.8090169943749475,
      0.30901699437494745,
      0,
      0,
      0,
      0,
      1
    ],
    [
      -0.5,
      0.8090169943749475,
      -0.30901699437494745,
      0,
      -0.8090169943749475,
      -0.30901699437494745,
      0.5,
      0,
      0.30901699437494745,
      0.5,
      0.8090169943749475,
      0,
      0,
      0,
      0,
      1
    ],
    [
      -0.30901699437494745,
      -0.5,
      -0.8090169943749475,
      0,
      -0.5,
      0.8090169943749475,
      -0.30901699437494745,
      0,
      0.8090169943749475,
      0.30901699437494745,
      -0.5,
      0,
      0,
      0,
      0,
      1
    ],
    [
      -1,
      0,
      0,
      0,
      0,
      1,
      0,
      0,
      0,
      0,
      -1,
      0,
      0,
      0,
      0,
      1
    ],
    [
      0,
      0,
      -1,
      0,
      1,
      0,
      0,
      0,
      0,
      -1,
      0,
      0,
      0,
      0,
      0,
      1
    ],
    [
      0,
      -1,
      0,
      0,
      0,
      0,
      1,
      0,
      -1,
      0,
      0,
      0,
      0,
      0,
      0,
      1
    ],
    [
      -0.8090169943749475,
      -0.30901699437494745,
      -0.5,
      0,
      0.30901699437494745,
      0.5,
      -0.8090169943749475,
      0,
      0.5,
      -0.8090169943749475,
      -0.30901699437494745,
      0,
      0,
      0,
      0,
      1
    ],
    [
      0.5,
      -0.8090169943749475,
      -0.30901699437494745,
      0,
      0.8090169943749475,
      0.30901699437494745,
      0.5,
      0,
      -0.30901699437494745,
      -0.5,
      0.8090169943749475,
      0,
      0,
      0,
      0,
      1
    ],
    [
      -0.30901699437494745,
      -0.5,
      0.8090169943749475,
      0,
      -0.5,
      0.8090169943749475,
      0.30901699437494745,
      0,
      -0.8090169943749475,
      -0.30901699437494745,
      -0.5,
      0,
      0,
      0,
      0,
      1
    ],
    [
      -0.5,
      -0.8090169943749475,
      -0.30901699437494745,
      0,
      0.8090169943749475,
      -0.30901699437494745,
      -0.5,
      0,
      0.30901699437494745,
      -0.5,
      0.8090169943749475,
      0,
      0,
      0,
      0,
      1
    ],
    [
      0.30901699437494745,
      -0.5,
      0.8090169943749475,
      0,
      0.5,
      0.8090169943749475,
      0.30901699437494745,
      0,
      -0.8090169943749475,
      0.30901699437494745,
      0.5,
      0,
      0,
      0,
      0,
      1
    ],
    [
      -0.8090169943749475,
      0.30901699437494745,
      0.5,
      0,
      -0.30901699437494745,
      0.5,
      -0.8090169943749475,
      0,
      -0.5,
      -0.8090169943749475,
      -0.30901699437494745,
      0,
      0,
      0,
      0,
      1
    ],
    [
      -0.5,
      -0.8090169943749475,
      0.30901699437494745,
      0,
      0.8090169943749475,
      -0.30901699437494745,
      0.5,
      0,
      -0.30901699437494745,
      0.5,
      0.8090169943749475,
      0,
      0,
      0,
      0,
      1
    ],
    [
      -0.30901699437494745,
      0.5,
      0.8090169943749475,
      0,
      0.5,
      0.8090169943749475,
      -0.30901699437494745,
      0,
      -0.8090169943749475,
      0.30901699437494745,
      -0.5,
      0,
      0,
      0,
      0,
      1
    ],
    [
      -0.8090169943749475,
      0.30901699437494745,
      -0.5,
      0,
      0.30901699437494745,
      -0.5,
      -0.8090169943749475,
      0,
      -0.5,
      -0.8090169943749475,
      0.30901699437494745,
      0,
      0,
      0,
      0,
      1
    ],
    [
      -0.8090169943749475,
      -0.30901699437494745,
      0.5,
      0,
      0.30901699437494745,
      0.5,
      0.8090169943749475,
      0,
      -0.5,
      0.8090169943749475,
      -0.30901699437494745,
      0,
      0,
      0,
      0,
      1
    ],
    [
      -0.5,
      0.8090169943749475,
      -0.30901699437494745,
      0,
      0.8090169943749475,
      0.30901699437494745,
      -0.5,
      0,
      -0.30901699437494745,
      -0.5,
      -0.8090169943749475,
      0,
      0,
      0,
      0,
      1
    ],
    [
      -0.30901699437494745,
      -0.5,
      -0.8090169943749475,
      0,
      0.5,
      -0.8090169943749475,
      0.30901699437494745,
      0,
      -0.8090169943749475,
      -0.30901699437494745,
      0.5,
      0,
      0,
      0,
      0,
      1
    ]
  ],
  "polygons": true,
  "shapes": {
    "s40620609578513056": {
      "id": "s40620609578513056",
      "name": "ball",
      "vertices": [
        {
          "x": -0.7360679507255554,
          "y": 0.69098299741745,
          "z": 0
        },
        {
          "x": -0.42705097794532776,
          "y": 0.5,
          "z": 0
        },
        {
          "x": -0.5,
          "y": 0.3819660246372223,
          "z": 0.19098301231861115
        },
        {
          "x": -0.80901700258255,
          "y": 0.5729489922523499,
          "z": 0.19098301231861115
        },
        {
          "x": 0.7360679507255554,
          "y": -0.69098299741745,
          "z": 0
        },
        {
          "x": 0.7254248857498169,
          "y": -0.7532889246940613,
          "z": 0
        },
        {
          "x": 0.8196601271629333,
          "y": -0.600813090801239,
          "z": -0.24671109020709991
        },
        {
          "x": 0.80901700258255,
          "y": -0.5729489922523499,
          "z": -0.19098301231861115
        },
        {
          "x": 0.5729489922523499,
          "y": -0.19098301231861115,
          "z": -0.80901700258255
        },
        {
          "x": 0.3819660246372223,
          "y": -0.19098301231861115,
          "z": -0.5
        },
        {
          "x": 0.5,
          "y": 0,
          "z": -0.42705097794532776
        },
        {
          "x": 0.69098299741745,
          "y": 0,
          "z": -0.7360679507255554
        },
        {
          "x": 0.9655581712722778,
          "y": 0.19098301231861115,
          "z": -0.1180339902639389
        },
        {
          "x": 0.6180340051651001,
          "y": 0.19098301231861115,
          "z": -0.1180339902639389
        },
        {
          "x": 0.6180340051651001,
          "y": -0.19098301231861115,
          "z": -0.1180339902639389
        },
        {
          "x": 0.9655581712722778,
          "y": -0.19098301231861115,
          "z": -0.1180339902639389
        },
        {
          "x": -0.80901700258255,
          "y": 0.6180340051651001,
          "z": -0.30901700258255005
        },
        {
          "x": -0.7586104869842529,
          "y": 0.6094235181808472,
          "z": -0.3680339753627777
        },
        {
          "x": -0.6094235181808472,
          "y": 0.3680339753627777,
          "z": -0.7586104869842529
        },
        {
          "x": -0.6180340051651001,
          "y": 0.30901700258255005,
          "z": -0.80901700258255
        },
        {
          "x": -0.19098301231861115,
          "y": 0.80901700258255,
          "z": -0.5729489922523499
        },
        {
          "x": -0.24671109020709991,
          "y": 0.8196601271629333,
          "z": -0.600813090801239
        },
        {
          "x": -0.15247584879398346,
          "y": 0.9721359610557556,
          "z": -0.3541019558906555
        },
        {
          "x": -0.1180339902639389,
          "y": 0.9270510077476501,
          "z": -0.3819660246372223
        },
        {
          "x": -0.1180339902639389,
          "y": -0.9655581712722778,
          "z": 0.19098301231861115
        },
        {
          "x": 0.1180339902639389,
          "y": -0.9655581712722778,
          "z": 0.19098301231861115
        },
        {
          "x": 0.13525491952896118,
          "y": -1,
          "z": 0.21884705126285553
        },
        {
          "x": -0.13525491952896118,
          "y": -1,
          "z": 0.21884705126285553
        },
        {
          "x": -0.69098299741745,
          "y": -0.5729489922523499,
          "z": 0.3819660246372223
        },
        {
          "x": -0.5,
          "y": -0.3819660246372223,
          "z": 0.19098301231861115
        },
        {
          "x": -0.3819660246372223,
          "y": -0.19098301231861115,
          "z": 0.5
        },
        {
          "x": -0.5729489922523499,
          "y": -0.3819660246372223,
          "z": 0.69098299741745
        },
        {
          "x": 0.9655581712722778,
          "y": 0.19098301231861115,
          "z": 0.1180339902639389
        },
        {
          "x": 1,
          "y": 0.21884705126285553,
          "z": -0.13525491952896118
        },
        {
          "x": 1,
          "y": 0.21884705126285553,
          "z": 0.13525491952896118
        },
        {
          "x": -1,
          "y": -0.30901700258255005,
          "z": 0.19098301231861115
        },
        {
          "x": -0.9860679507255554,
          "y": -0.24138954281806946,
          "z": 0.22745750844478607
        },
        {
          "x": -0.9860679507255554,
          "y": 0.24138954281806946,
          "z": 0.22745750844478607
        },
        {
          "x": -1,
          "y": 0.30901700258255005,
          "z": 0.19098301231861115
        },
        {
          "x": -0.29837387800216675,
          "y": 0.2917960584163666,
          "z": 0.899186909198761
        },
        {
          "x": -0.4893568754196167,
          "y": 0.3647450804710388,
          "z": 0.7811529636383057
        },
        {
          "x": -0.5278640389442444,
          "y": 0.3647450804710388,
          "z": 0.80901700258255
        },
        {
          "x": -0.30901700258255005,
          "y": 0.28115296363830566,
          "z": 0.9442719221115112
        },
        {
          "x": -0.3819660246372223,
          "y": 0.69098299741745,
          "z": 0.5729489922523499
        },
        {
          "x": -0.19098301231861115,
          "y": 0.5,
          "z": 0.3819660246372223
        },
        {
          "x": -0.3819660246372223,
          "y": 0.19098301231861115,
          "z": 0.5
        },
        {
          "x": -0.5729489922523499,
          "y": 0.3819660246372223,
          "z": 0.69098299741745
        },
        {
          "x": -0.19098301231861115,
          "y": 0.5,
          "z": -0.3819660246372223
        },
        {
          "x": 0,
          "y": 0.42705097794532776,
          "z": -0.5
        },
        {
          "x": 0,
          "y": 0.7360679507255554,
          "z": -0.69098299741745
        },
        {
          "x": -0.80901700258255,
          "y": 0.09016994386911392,
          "z": 0.6352549195289612
        },
        {
          "x": -0.7811529636383057,
          "y": 0.1073908731341362,
          "z": 0.600813090801239
        },
        {
          "x": -0.899186909198761,
          "y": 0.29837387800216675,
          "z": 0.2917960584163666
        },
        {
          "x": -0.9442719221115112,
          "y": 0.30901700258255005,
          "z": 0.28115296363830566
        },
        {
          "x": 0,
          "y": 0.5450849533081055,
          "z": 0.80901700258255
        },
        {
          "x": 0,
          "y": 0.42705097794532776,
          "z": 0.5
        },
        {
          "x": 0.19098301231861115,
          "y": 0.1180339902639389,
          "z": 0.6180340051651001
        },
        {
          "x": 0.19098301231861115,
          "y": 0.2360679805278778,
          "z": 0.9270510077476501
        },
        {
          "x": 0.19098301231861115,
          "y": -0.80901700258255,
          "z": 0.5729489922523499
        },
        {
          "x": 0.19098301231861115,
          "y": -0.5,
          "z": 0.3819660246372223
        },
        {
          "x": 0.1180339902639389,
          "y": -0.6180340051651001,
          "z": 0.19098301231861115
        },
        {
          "x": 0.1180339902639389,
          "y": -0.9270510077476501,
          "z": 0.3819660246372223
        },
        {
          "x": 0.6737620830535889,
          "y": 0.30901700258255005,
          "z": 0.7188470363616943
        },
        {
          "x": 0.6631189584732056,
          "y": 0.29837387800216675,
          "z": 0.6737620830535889
        },
        {
          "x": 0.7811529636383057,
          "y": 0.4893568754196167,
          "z": 0.3647450804710388
        },
        {
          "x": 0.80901700258255,
          "y": 0.5278640389442444,
          "z": 0.3647450804710388
        },
        {
          "x": 0.6737620830535889,
          "y": -0.6631189584732056,
          "z": -0.29837387800216675
        },
        {
          "x": 0.5,
          "y": -0.3819660246372223,
          "z": -0.19098301231861115
        },
        {
          "x": 0.19098301231861115,
          "y": -0.5,
          "z": -0.3819660246372223
        },
        {
          "x": 0.3647450804710388,
          "y": -0.7811529636383057,
          "z": -0.4893568754196167
        },
        {
          "x": -0.19098301231861115,
          "y": 0.80901700258255,
          "z": 0.5729489922523499
        },
        {
          "x": -0.24671109020709991,
          "y": 0.8196601271629333,
          "z": 0.600813090801239
        },
        {
          "x": 0,
          "y": 0.7254248857498169,
          "z": 0.7532889246940613
        },
        {
          "x": 0,
          "y": 0.7360679507255554,
          "z": 0.69098299741745
        },
        {
          "x": 0.13525491952896118,
          "y": 1,
          "z": 0.21884705126285553
        },
        {
          "x": -0.13525491952896118,
          "y": 1,
          "z": 0.21884705126285553
        },
        {
          "x": -0.19098301231861115,
          "y": 1,
          "z": 0.30901700258255005
        },
        {
          "x": 0.19098301231861115,
          "y": 1,
          "z": 0.30901700258255005
        },
        {
          "x": 0,
          "y": 0.69098299741745,
          "z": -0.80901700258255
        },
        {
          "x": 0.09016994386911392,
          "y": 0.6352549195289612,
          "z": -0.80901700258255
        },
        {
          "x": 0.30901700258255005,
          "y": 0.28115296363830566,
          "z": -0.9442719221115112
        },
        {
          "x": 0.30901700258255005,
          "y": 0.19098301231861115,
          "z": -1
        },
        {
          "x": 1,
          "y": 0.30901700258255005,
          "z": 0.19098301231861115
        },
        {
          "x": 0.9442719221115112,
          "y": 0.30901700258255005,
          "z": 0.28115296363830566
        },
        {
          "x": 0.80901700258255,
          "y": 0.09016994386911392,
          "z": 0.6352549195289612
        },
        {
          "x": 0.80901700258255,
          "y": 0,
          "z": 0.69098299741745
        },
        {
          "x": -0.9655581712722778,
          "y": 0.19098301231861115,
          "z": -0.1180339902639389
        },
        {
          "x": -0.9655581712722778,
          "y": 0.19098301231861115,
          "z": 0.1180339902639389
        },
        {
          "x": -1,
          "y": 0.21884705126285553,
          "z": 0.13525491952896118
        },
        {
          "x": -1,
          "y": 0.21884705126285553,
          "z": -0.13525491952896118
        },
        {
          "x": -0.9655581712722778,
          "y": -0.19098301231861115,
          "z": 0.1180339902639389
        },
        {
          "x": -1,
          "y": -0.21884705126285553,
          "z": 0.13525491952896118
        },
        {
          "x": 0.21884705126285553,
          "y": 0.13525491952896118,
          "z": -1
        },
        {
          "x": -0.21884705126285553,
          "y": 0.13525491952896118,
          "z": -1
        },
        {
          "x": -0.30901700258255005,
          "y": 0.19098301231861115,
          "z": -1
        },
        {
          "x": 0.4893568754196167,
          "y": -0.3647450804710388,
          "z": -0.7811529636383057
        },
        {
          "x": 0.29837387800216675,
          "y": -0.2917960584163666,
          "z": -0.899186909198761
        },
        {
          "x": 0.30901700258255005,
          "y": -0.28115296363830566,
          "z": -0.9442719221115112
        },
        {
          "x": 0.5278640389442444,
          "y": -0.3647450804710388,
          "z": -0.80901700258255
        },
        {
          "x": 0.4893568754196167,
          "y": 0.3647450804710388,
          "z": 0.7811529636383057
        },
        {
          "x": 0.29837387800216675,
          "y": 0.2917960584163666,
          "z": 0.899186909198761
        },
        {
          "x": 0.30901700258255005,
          "y": 0.28115296363830566,
          "z": 0.9442719221115112
        },
        {
          "x": 0.5278640389442444,
          "y": 0.3647450804710388,
          "z": 0.80901700258255
        },
        {
          "x": -0.6180340051651001,
          "y": 0.19098301231861115,
          "z": 0.1180339902639389
        },
        {
          "x": -0.7811529636383057,
          "y": 0.4893568754196167,
          "z": 0.3647450804710388
        },
        {
          "x": -0.600813090801239,
          "y": 0.7811529636383057,
          "z": 0.1073908731341362
        },
        {
          "x": -0.6737620830535889,
          "y": 0.6631189584732056,
          "z": 0.29837387800216675
        },
        {
          "x": 0.80901700258255,
          "y": -0.6180340051651001,
          "z": -0.30901700258255005
        },
        {
          "x": 0.7188470363616943,
          "y": -0.6737620830535889,
          "z": -0.30901700258255005
        },
        {
          "x": 0.3647450804710388,
          "y": -0.80901700258255,
          "z": -0.5278640389442444
        },
        {
          "x": 0.30901700258255005,
          "y": -0.80901700258255,
          "z": -0.6180340051651001
        },
        {
          "x": 0.3819660246372223,
          "y": 0.1180339902639389,
          "z": 0.9270510077476501
        },
        {
          "x": 0.3819660246372223,
          "y": 0.19098301231861115,
          "z": 0.5
        },
        {
          "x": 0.5729489922523499,
          "y": 0.19098301231861115,
          "z": 0.80901700258255
        },
        {
          "x": 0,
          "y": -0.69098299741745,
          "z": 0.80901700258255
        },
        {
          "x": 0,
          "y": -0.6180340051651001,
          "z": 0.8368810415267944
        },
        {
          "x": -0.24138954281806946,
          "y": -0.22745750844478607,
          "z": 0.9860679507255554
        },
        {
          "x": -0.30901700258255005,
          "y": -0.19098301231861115,
          "z": 1
        },
        {
          "x": 0.19098301231861115,
          "y": 0.1180339902639389,
          "z": -0.9655581712722778
        },
        {
          "x": 0.19098301231861115,
          "y": 0.1180339902639389,
          "z": -0.6180340051651001
        },
        {
          "x": -0.19098301231861115,
          "y": 0.1180339902639389,
          "z": -0.6180340051651001
        },
        {
          "x": -0.19098301231861115,
          "y": 0.1180339902639389,
          "z": -0.9655581712722778
        },
        {
          "x": 0.5729489922523499,
          "y": -0.19098301231861115,
          "z": 0.80901700258255
        },
        {
          "x": 0.3819660246372223,
          "y": -0.19098301231861115,
          "z": 0.5
        },
        {
          "x": 0.19098301231861115,
          "y": -0.1180339902639389,
          "z": 0.6180340051651001
        },
        {
          "x": 0.3819660246372223,
          "y": -0.1180339902639389,
          "z": 0.9270510077476501
        },
        {
          "x": -0.9270510077476501,
          "y": 0.19098301231861115,
          "z": 0.2360679805278778
        },
        {
          "x": -0.80901700258255,
          "y": 0,
          "z": 0.5450849533081055
        },
        {
          "x": -0.8368810415267944,
          "y": 0,
          "z": 0.6180340051651001
        },
        {
          "x": -1,
          "y": -0.30901700258255005,
          "z": -0.19098301231861115
        },
        {
          "x": -0.9860679507255554,
          "y": -0.24138954281806946,
          "z": -0.22745750844478607
        },
        {
          "x": -0.8368810415267944,
          "y": 0,
          "z": -0.6180340051651001
        },
        {
          "x": -0.80901700258255,
          "y": 0,
          "z": -0.69098299741745
        },
        {
          "x": -0.7188470363616943,
          "y": 0.6737620830535889,
          "z": -0.30901700258255005
        },
        {
          "x": -0.3647450804710388,
          "y": 0.80901700258255,
          "z": -0.5278640389442444
        },
        {
          "x": -0.30901700258255005,
          "y": 0.80901700258255,
          "z": -0.6180340051651001
        },
        {
          "x": 0.80901700258255,
          "y": 0.5729489922523499,
          "z": -0.19098301231861115
        },
        {
          "x": 0.8196601271629333,
          "y": 0.600813090801239,
          "z": -0.24671109020709991
        },
        {
          "x": 0.7254248857498169,
          "y": 0.7532889246940613,
          "z": 0
        },
        {
          "x": 0.7360679507255554,
          "y": 0.69098299741745,
          "z": 0
        },
        {
          "x": 0.5729489922523499,
          "y": -0.3819660246372223,
          "z": 0.69098299741745
        },
        {
          "x": 0.5,
          "y": -0.3819660246372223,
          "z": 0.19098301231861115
        },
        {
          "x": 0.69098299741745,
          "y": -0.5729489922523499,
          "z": 0.3819660246372223
        },
        {
          "x": -0.7811529636383057,
          "y": 0.4893568754196167,
          "z": -0.3647450804710388
        },
        {
          "x": -0.899186909198761,
          "y": 0.29837387800216675,
          "z": -0.2917960584163666
        },
        {
          "x": -0.9442719221115112,
          "y": 0.30901700258255005,
          "z": -0.28115296363830566
        },
        {
          "x": -0.80901700258255,
          "y": 0.5278640389442444,
          "z": -0.3647450804710388
        },
        {
          "x": -0.3680339753627777,
          "y": 0.7586104869842529,
          "z": 0.6094235181808472
        },
        {
          "x": -0.6094235181808472,
          "y": 0.3680339753627777,
          "z": 0.7586104869842529
        },
        {
          "x": 0.9270510077476501,
          "y": -0.3819660246372223,
          "z": -0.1180339902639389
        },
        {
          "x": 0.9721359610557556,
          "y": -0.3541019558906555,
          "z": -0.15247584879398346
        },
        {
          "x": 0.9721359610557556,
          "y": -0.3541019558906555,
          "z": 0.15247584879398346
        },
        {
          "x": 0.9270510077476501,
          "y": -0.3819660246372223,
          "z": 0.1180339902639389
        },
        {
          "x": -0.1180339902639389,
          "y": -0.9270510077476501,
          "z": -0.3819660246372223
        },
        {
          "x": -0.15247584879398346,
          "y": -0.9721359610557556,
          "z": -0.3541019558906555
        },
        {
          "x": -0.24671109020709991,
          "y": -0.8196601271629333,
          "z": -0.600813090801239
        },
        {
          "x": -0.19098301231861115,
          "y": -0.80901700258255,
          "z": -0.5729489922523499
        },
        {
          "x": -0.7586104869842529,
          "y": -0.6094235181808472,
          "z": -0.3680339753627777
        },
        {
          "x": -0.69098299741745,
          "y": -0.5729489922523499,
          "z": -0.3819660246372223
        },
        {
          "x": -0.3819660246372223,
          "y": -0.69098299741745,
          "z": -0.5729489922523499
        },
        {
          "x": -0.3680339753627777,
          "y": -0.7586104869842529,
          "z": -0.6094235181808472
        },
        {
          "x": 0.19098301231861115,
          "y": -0.1180339902639389,
          "z": 0.9655581712722778
        },
        {
          "x": -0.19098301231861115,
          "y": -0.1180339902639389,
          "z": 0.6180340051651001
        },
        {
          "x": -0.19098301231861115,
          "y": -0.1180339902639389,
          "z": 0.9655581712722778
        },
        {
          "x": -0.6631189584732056,
          "y": -0.29837387800216675,
          "z": 0.6737620830535889
        },
        {
          "x": -0.7811529636383057,
          "y": -0.4893568754196167,
          "z": 0.3647450804710388
        },
        {
          "x": -0.1180339902639389,
          "y": 0.9655581712722778,
          "z": 0.19098301231861115
        },
        {
          "x": -0.1180339902639389,
          "y": 0.6180340051651001,
          "z": 0.19098301231861115
        },
        {
          "x": -0.1180339902639389,
          "y": 0.6180340051651001,
          "z": -0.19098301231861115
        },
        {
          "x": -0.1180339902639389,
          "y": 0.9655581712722778,
          "z": -0.19098301231861115
        },
        {
          "x": 0.5,
          "y": 0.3819660246372223,
          "z": -0.19098301231861115
        },
        {
          "x": 0.9270510077476501,
          "y": 0.3819660246372223,
          "z": -0.1180339902639389
        },
        {
          "x": 0.09016994386911392,
          "y": -0.6352549195289612,
          "z": 0.80901700258255
        },
        {
          "x": 0.1073908731341362,
          "y": -0.600813090801239,
          "z": 0.7811529636383057
        },
        {
          "x": 0.29837387800216675,
          "y": -0.2917960584163666,
          "z": 0.899186909198761
        },
        {
          "x": 0.30901700258255005,
          "y": -0.28115296363830566,
          "z": 0.9442719221115112
        },
        {
          "x": 0.24138954281806946,
          "y": 0.22745750844478607,
          "z": -0.9860679507255554
        },
        {
          "x": 0.19098301231861115,
          "y": 0.2360679805278778,
          "z": -0.9270510077476501
        },
        {
          "x": 0,
          "y": 0.5450849533081055,
          "z": -0.80901700258255
        },
        {
          "x": 0,
          "y": 0.6180340051651001,
          "z": -0.8368810415267944
        },
        {
          "x": 0.4893568754196167,
          "y": 0.3647450804710388,
          "z": -0.7811529636383057
        },
        {
          "x": 0.3819660246372223,
          "y": 0.19098301231861115,
          "z": -0.5
        },
        {
          "x": 0.19098301231861115,
          "y": 0.5,
          "z": -0.3819660246372223
        },
        {
          "x": 0.29837387800216675,
          "y": 0.6737620830535889,
          "z": -0.6631189584732056
        },
        {
          "x": -0.30901700258255005,
          "y": -0.19098301231861115,
          "z": -1
        },
        {
          "x": -0.21884705126285553,
          "y": -0.13525491952896118,
          "z": -1
        },
        {
          "x": 0.21884705126285553,
          "y": -0.13525491952896118,
          "z": -1
        },
        {
          "x": 0.30901700258255005,
          "y": -0.19098301231861115,
          "z": -1
        },
        {
          "x": -0.30901700258255005,
          "y": 0.80901700258255,
          "z": 0.6180340051651001
        },
        {
          "x": -0.6180340051651001,
          "y": 0.30901700258255005,
          "z": 0.80901700258255
        },
        {
          "x": -0.2917960584163666,
          "y": 0.899186909198761,
          "z": 0.29837387800216675
        },
        {
          "x": -0.3647450804710388,
          "y": 0.7811529636383057,
          "z": 0.4893568754196167
        },
        {
          "x": -0.3647450804710388,
          "y": 0.80901700258255,
          "z": 0.5278640389442444
        },
        {
          "x": -0.28115296363830566,
          "y": 0.9442719221115112,
          "z": 0.30901700258255005
        },
        {
          "x": 0.3541019558906555,
