{
  "polygons": "true",
  "field": "golden",
  "symmetry": "icosahedral",
  "orientations": [
    [
      1,
      0,
      0,
      0,
      0,
      1,
      0,
      0,
      0,
      0,
      1,
      0,
      0,
      0,
      0,
      1
    ],
    [
      0,
      0,
      1,
      0,
      1,
      0,
      0,
      0,
      0,
      1,
      0,
      0,
      0,
      0,
      0,
      1
    ],
    [
      0,
      1,
      0,
      0,
      0,
      0,
      1,
      0,
      1,
      0,
      0,
      0,
      0,
      0,
      0,
      1
    ],
    [
      0.809017,
      0.309017,
      0.5,
      0,
      0.309017,
      0.5,
      -0.809017,
      0,
      -0.5,
      0.809017,
      0.309017,
      0,
      0,
      0,
      0,
      1
    ],
    [
      -0.5,
      0.809017,
      0.309017,
      0,
      0.809017,
      0.309017,
      0.5,
      0,
      0.309017,
      0.5,
      -0.809017,
      0,
      0,
      0,
      0,
      1
    ],
    [
      0.309017,
      0.5,
      -0.809017,
      0,
      -0.5,
      0.809017,
      0.309017,
      0,
      0.809017,
      0.309017,
      0.5,
      0,
      0,
      0,
      0,
      1
    ],
    [
      0.5,
      0.809017,
      0.309017,
      0,
      0.809017,
      -0.309017,
      -0.5,
      0,
      -0.309017,
      0.5,
      -0.809017,
      0,
      0,
      0,
      0,
      1
    ],
    [
      -0.309017,
      0.5,
      -0.809017,
      0,
      0.5,
      0.809017,
      0.309017,
      0,
      0.809017,
      -0.309017,
      -0.5,
      0,
      0,
      0,
      0,
      1
    ],
    [
      0.809017,
      -0.309017,
      -0.5,
      0,
      -0.309017,
      0.5,
      -0.809017,
      0,
      0.5,
      0.809017,
      0.309017,
      0,
      0,
      0,
      0,
      1
    ],
    [
      0.5,
      0.809017,
      -0.309017,
      0,
      0.809017,
      -0.309017,
      0.5,
      0,
      0.309017,
      -0.5,
      -0.809017,
      0,
      0,
      0,
      0,
      1
    ],
    [
      0.309017,
      -0.5,
      -0.809017,
      0,
      0.5,
      0.809017,
      -0.309017,
      0,
      0.809017,
      -0.309017,
      0.5,
      0,
      0,
      0,
      0,
      1
    ],
    [
      0.809017,
      -0.309017,
      0.5,
      0,
      0.309017,
      -0.5,
      -0.809017,
      0,
      0.5,
      0.809017,
      -0.309017,
      0,
      0,
      0,
      0,
      1
    ],
    [
      0.809017,
      0.309017,
      -0.5,
      0,
      0.309017,
      0.5,
      0.809017,
      0,
      0.5,
      -0.809017,
      0.309017,
      0,
      0,
      0,
      0,
      1
    ],
    [
      0.5,
      -0.809017,
      0.309017,
      0,
      0.809017,
      0.309017,
      -0.5,
      0,
      0.309017,
      0.5,
      0.809017,
      0,
      0,
      0,
      0,
      1
    ],
    [
      0.309017,
      0.5,
      0.809017,
      0,
      0.5,
      -0.809017,
      0.309017,
      0,
      0.809017,
      0.309017,
      -0.5,
      0,
      0,
      0,
      0,
      1
    ],
    [
      1,
      0,
      0,
      0,
      0,
      -1,
      0,
      0,
      0,
      0,
      -1,
      0,
      0,
      0,
      0,
      1
    ],
    [
      0,
      0,
      1,
      0,
      -1,
      0,
      0,
      0,
      0,
      -1,
      0,
      0,
      0,
      0,
      0,
      1
    ],
    [
      0,
      1,
      0,
      0,
      0,
      0,
      -1,
      0,
      -1,
      0,
      0,
      0,
      0,
      0,
      0,
      1
    ],
    [
      0.809017,
      0.309017,
      0.5,
      0,
      -0.309017,
      -0.5,
      0.809017,
      0,
      0.5,
      -0.809017,
      -0.309017,
      0,
      0,
      0,
      0,
      1
    ],
    [
      -0.5,
      0.809017,
      0.309017,
      0,
      -0.809017,
      -0.309017,
      -0.5,
      0,
      -0.309017,
      -0.5,
      0.809017,
      0,
      0,
      0,
      0,
      1
    ],
    [
      0.309017,
      0.5,
      -0.809017,
      0,
      0.5,
      -0.809017,
      -0.309017,
      0,
      -0.809017,
      -0.309017,
      -0.5,
      0,
      0,
      0,
      0,
      1
    ],
    [
      0.5,
      0.809017,
      0.309017,
      0,
      -0.809017,
      0.309017,
      0.5,
      0,
      0.309017,
      -0.5,
      0.809017,
      0,
      0,
      0,
      0,
      1
    ],
    [
      -0.309017,
      0.5,
      -0.809017,
      0,
      -0.5,
      -0.809017,
      -0.309017,
      0,
      -0.809017,
      0.309017,
      0.5,
      0,
      0,
      0,
      0,
      1
    ],
    [
      0.809017,
      -0.309017,
      -0.5,
      0,
      0.309017,
      -0.5,
      0.809017,
      0,
      -0.5,
      -0.809017,
      -0.309017,
      0,
      0,
      0,
      0,
      1
    ],
    [
      0.5,
      0.809017,
      -0.309017,
      0,
      -0.809017,
      0.309017,
      -0.5,
      0,
      -0.309017,
      0.5,
      0.809017,
      0,
      0,
      0,
      0,
      1
    ],
    [
      0.309017,
      -0.5,
      -0.809017,
      0,
      -0.5,
      -0.809017,
      0.309017,
      0,
      -0.809017,
      0.309017,
      -0.5,
      0,
      0,
      0,
      0,
      1
    ],
    [
      0.809017,
      -0.309017,
      0.5,
      0,
      -0.309017,
      0.5,
      0.809017,
      0,
      -0.5,
      -0.809017,
      0.309017,
      0,
      0,
      0,
      0,
      1
    ],
    [
      0.809017,
      0.309017,
      -0.5,
      0,
      -0.309017,
      -0.5,
      -0.809017,
      0,
      -0.5,
      0.809017,
      -0.309017,
      0,
      0,
      0,
      0,
      1
    ],
    [
      0.5,
      -0.809017,
      0.309017,
      0,
      -0.809017,
      -0.309017,
      0.5,
      0,
      -0.309017,
      -0.5,
      -0.809017,
      0,
      0,
      0,
      0,
      1
    ],
    [
      0.309017,
      0.5,
      0.809017,
      0,
      -0.5,
      0.809017,
      -0.309017,
      0,
      -0.809017,
      -0.309017,
      0.5,
      0,
      0,
      0,
      0,
      1
    ],
    [
      -1,
      0,
      0,
      0,
      0,
      -1,
      0,
      0,
      0,
      0,
      1,
      0,
      0,
      0,
      0,
      1
    ],
    [
      0,
      0,
      -1,
      0,
      -1,
      0,
      0,
      0,
      0,
      1,
      0,
      0,
      0,
      0,
      0,
      1
    ],
    [
      0,
      -1,
      0,
      0,
      0,
      0,
      -1,
      0,
      1,
      0,
      0,
      0,
      0,
      0,
      0,
      1
    ],
    [
      -0.809017,
      -0.309017,
      -0.5,
      0,
      -0.309017,
      -0.5,
      0.809017,
      0,
      -0.5,
      0.809017,
      0.309017,
      0,
      0,
      0,
      0,
      1
    ],
    [
      0.5,
      -0.809017,
      -0.309017,
      0,
      -0.809017,
      -0.309017,
      -0.5,
      0,
      0.309017,
      0.5,
      -0.809017,
      0,
      0,
      0,
      0,
      1
    ],
    [
      -0.309017,
      -0.5,
      0.809017,
      0,
      0.5,
      -0.809017,
      -0.309017,
      0,
      0.809017,
      0.309017,
      0.5,
      0,
      0,
      0,
      0,
      1
    ],
    [
      -0.5,
      -0.809017,
      -0.309017,
      0,
      -0.809017,
      0.309017,
      0.5,
      0,
      -0.309017,
      0.5,
      -0.809017,
      0,
      0,
      0,
      0,
      1
    ],
    [
      0.309017,
      -0.5,
      0.809017,
      0,
      -0.5,
      -0.809017,
      -0.309017,
      0,
      0.809017,
      -0.309017,
      -0.5,
      0,
      0,
      0,
      0,
      1
    ],
    [
      -0.809017,
      0.309017,
      0.5,
      0,
      0.309017,
      -0.5,
      0.809017,
      0,
      0.5,
      0.809017,
      0.309017,
      0,
      0,
      0,
      0,
      1
    ],
    [
      -0.5,
      -0.809017,
      0.309017,
      0,
      -0.809017,
      0.309017,
      -0.5,
      0,
      0.309017,
      -0.5,
      -0.809017,
      0,
      0,
      0,
      0,
      1
    ],
    [
      -0.309017,
      0.5,
      0.809017,
      0,
      -0.5,
      -0.809017,
      0.309017,
      0,
      0.809017,
      -0.309017,
      0.5,
      0,
      0,
      0,
      0,
      1
    ],
    [
      -0.809017,
      0.309017,
      -0.5,
      0,
      -0.309017,
      0.5,
      0.809017,
      0,
      0.5,
      0.809017,
      -0.309017,
      0,
      0,
      0,
      0,
      1
    ],
    [
      -0.809017,
      -0.309017,
      0.5,
      0,
      -0.309017,
      -0.5,
      -0.809017,
      0,
      0.5,
      -0.809017,
      0.309017,
      0,
      0,
      0,
      0,
      1
    ],
    [
      -0.5,
      0.809017,
      -0.309017,
      0,
      -0.809017,
      -0.309017,
      0.5,
      0,
      0.309017,
      0.5,
      0.809017,
      0,
      0,
      0,
      0,
      1
    ],
    [
      -0.309017,
      -0.5,
      -0.809017,
      0,
      -0.5,
      0.809017,
      -0.309017,
      0,
      0.809017,
      0.309017,
      -0.5,
      0,
      0,
      0,
      0,
      1
    ],
    [
      -1,
      0,
      0,
      0,
      0,
      1,
      0,
      0,
      0,
      0,
      -1,
      0,
      0,
      0,
      0,
      1
    ],
    [
      0,
      0,
      -1,
      0,
      1,
      0,
      0,
      0,
      0,
      -1,
      0,
      0,
      0,
      0,
      0,
      1
    ],
    [
      0,
      -1,
      0,
      0,
      0,
      0,
      1,
      0,
      -1,
      0,
      0,
      0,
      0,
      0,
      0,
      1
    ],
    [
      -0.809017,
      -0.309017,
      -0.5,
      0,
      0.309017,
      0.5,
      -0.809017,
      0,
      0.5,
      -0.809017,
      -0.309017,
      0,
      0,
      0,
      0,
      1
    ],
    [
      0.5,
      -0.809017,
      -0.309017,
      0,
      0.809017,
      0.309017,
      0.5,
      0,
      -0.309017,
      -0.5,
      0.809017,
      0,
      0,
      0,
      0,
      1
    ],
    [
      -0.309017,
      -0.5,
      0.809017,
      0,
      -0.5,
      0.809017,
      0.309017,
      0,
      -0.809017,
      -0.309017,
      -0.5,
      0,
      0,
      0,
      0,
      1
    ],
    [
      -0.5,
      -0.809017,
      -0.309017,
      0,
      0.809017,
      -0.309017,
      -0.5,
      0,
      0.309017,
      -0.5,
      0.809017,
      0,
      0,
      0,
      0,
      1
    ],
    [
      0.309017,
      -0.5,
      0.809017,
      0,
      0.5,
      0.809017,
      0.309017,
      0,
      -0.809017,
      0.309017,
      0.5,
      0,
      0,
      0,
      0,
      1
    ],
    [
      -0.809017,
      0.309017,
      0.5,
      0,
      -0.309017,
      0.5,
      -0.809017,
      0,
      -0.5,
      -0.809017,
      -0.309017,
      0,
      0,
      0,
      0,
      1
    ],
    [
      -0.5,
      -0.809017,
      0.309017,
      0,
      0.809017,
      -0.309017,
      0.5,
      0,
      -0.309017,
      0.5,
      0.809017,
      0,
      0,
      0,
      0,
      1
    ],
    [
      -0.309017,
      0.5,
      0.809017,
      0,
      0.5,
      0.809017,
      -0.309017,
      0,
      -0.809017,
      0.309017,
      -0.5,
      0,
      0,
      0,
      0,
      1
    ],
    [
      -0.809017,
      0.309017,
      -0.5,
      0,
      0.309017,
      -0.5,
      -0.809017,
      0,
      -0.5,
      -0.809017,
      0.309017,
      0,
      0,
      0,
      0,
      1
    ],
    [
      -0.809017,
      -0.309017,
      0.5,
      0,
      0.309017,
      0.5,
      0.809017,
      0,
      -0.5,
      0.809017,
      -0.309017,
      0,
      0,
      0,
      0,
      1
    ],
    [
      -0.5,
      0.809017,
      -0.309017,
      0,
      0.809017,
      0.309017,
      -0.5,
      0,
      -0.309017,
      -0.5,
      -0.809017,
      0,
      0,
      0,
      0,
      1
    ],
    [
      -0.309017,
      -0.5,
      -0.809017,
      0,
      0.5,
      -0.809017,
      0.309017,
      0,
      -0.809017,
      -0.309017,
      0.5,
      0,
      0,
      0,
      0,
      1
    ]
  ],
  "lights": {
    "directionalLights": [
      {
        "direction": [
          1,
          -1,
          -1
        ],
        "color": "#EBEBE4"
      },
      {
        "direction": [
          -1,
          0,
          0
        ],
        "color": "#E4E4EB"
      },
      {
        "direction": [
          0,
          0,
          -1
        ],
        "color": "#1E1E1E"
      }
    ],
    "ambientColor": "#292929",
    "backgroundColor": "#AFC8DC"
  },
  "camera": {
    "lookDirection": {
      "x": 0,
      "y": 0,
      "z": -1
    },
    "lookAtPoint": {
      "x": 0,
      "y": 0,
      "z": 0
    },
    "upDirection": {
      "x": 0,
      "y": 1,
      "z": 0
    },
    "farClipDistance": 64.00000695649038,
    "stereo": false,
    "nearClipDistance": 3.200000347824519,
    "width": 16.000001739122595,
    "position": {
      "x": 0,
      "y": 0,
      "z": 32.00000347824519
    },
    "perspective": true,
    "upDirectionRV": {
      "x": 0,
      "y": 1,
      "z": 0,
      "zero": false
    },
    "lookDirectionRV": {
      "x": 0,
      "y": 0,
      "z": -1,
      "zero": false
    },
    "lookAtPointRV": {
      "x": 0,
      "y": 0,
      "z": 0,
      "zero": true
    },
    "viewDistance": 32.00000347824519,
    "fieldOfView": 28.072486935852954
  },
  "embedding": [
    1,
    0,
    0,
    0,
    0,
    1,
    0,
    0,
    0,
    0,
    1,
    0,
    0,
    0,
    0,
    1
  ],
  "shapes": [
    {
      "id": "733c8cc5-e2cc-42f9-8257-ade781b27e07",
      "vertices": [
        {
          "x": 0,
          "y": 0,
          "z": 0
        },
        {
          "x": -0.270090787,
          "y": -1.851229788,
          "z": -0.707106858
        },
        {
          "x": -0.977197645,
          "y": -2.121320575,
          "z": -2.558336646
        },
        {
          "x": -1.414213716,
          "y": -0.540181573,
          "z": -3.702459576
        },
        {
          "x": -1.14412293,
          "y": 1.311048215,
          "z": -2.995352551
        },
        {
          "x": -0.437016072,
          "y": 1.581139001,
          "z": -1.14412293
        }
      ],
      "faces": [
        {
          "vertices": [
            0,
            1,
            2,
            3,
            4,
            5
          ]
        },
        {
          "vertices": [
            0,
            5,
            4,
            3,
            2,
            1
          ]
        }
      ]
    },
    {
      "id": "0bd047a6-4df0-40e1-b78d-441137ca2c06",
      "vertices": [
        {
          "x": 0,
          "y": 0,
          "z": 0
        },
        {
          "x": 0.270090787,
          "y": -1.851229788,
          "z": 0.707106858
        },
        {
          "x": -0.166925285,
          "y": -3.432368622,
          "z": -0.437016072
        },
        {
          "x": -0.874032143,
          "y": -3.162277836,
          "z": -2.28824586
        },
        {
          "x": -1.14412293,
          "y": -1.311048215,
          "z": -2.995352551
        },
        {
          "x": -0.707106858,
          "y": 0.270090787,
          "z": -1.851229788
        }
      ],
      "faces": [
        {
          "vertices": [
            0,
            1,
            2,
            3,
            4,
            5
          ]
        },
        {
          "vertices": [
            0,
            5,
            4,
            3,
            2,
            1
          ]
        }
      ]
    },
    {
      "id": "d36bfd85-ef73-4233-ade0-2c59c5591522",
      "vertices": [
        {
          "x": 0,
          "y": 0,
          "z": 0
        },
        {
          "x": 0.437016072,
          "y": -1.581139001,
          "z": 1.14412293
        },
        {
          "x": 0.166925285,
          "y": -3.432368622,
          "z": 0.437016072
        },
        {
          "x": -0.540181573,
          "y": -3.702459576,
          "z": -1.414213716
        },
        {
          "x": -0.977197645,
          "y": -2.121320575,
          "z": -2.558336646
        },
        {
          "x": -0.707106858,
          "y": -0.270090787,
          "z": -1.851229788
        }
      ],
      "faces": [
        {
          "vertices": [
            0,
            1,
            2,
            3,
            4,
            5
          ]
        },
        {
          "vertices": [
            0,
            5,
            4,
            3,
            2,
            1
          ]
        }
      ]
    },
    {
      "id": "6aabf870-4fda-42d3-a194-1cfdd342a400",
      "vertices": [
        {
          "x": 0,
          "y": 0,
          "z": 0
        },
        {
          "x": 0,
          "y": -1.414213716,
          "z": 1.414213716
        },
        {
          "x": 0,
          "y": -2.828427266,
          "z": 0
        },
        {
          "x": 0,
          "y": -1.414213716,
          "z": -1.414213716
        }
      ],
      "faces": [
        {
          "vertices": [
            0,
            1,
            2,
            3
          ]
        },
        {
          "vertices": [
            0,
            3,
            2,
            1
          ]
        }
      ]
    },
    {
      "id": "0ae7283d-2618-42b0-b7be-741029c56aed",
      "vertices": [
        {
          "x": 0,
          "y": 0,
          "z": 0
        },
        {
          "x": 0,
          "y": 1.414213716,
          "z": -1.414213716
        },
        {
          "x": 0,
          "y": 2.828427266,
          "z": 0
        },
        {
          "x": 0,
          "y": 1.414213716,
          "z": 1.414213716
        }
      ],
      "faces": [
        {
          "vertices": [
            0,
            1,
            2,
            3
          ]
        },
        {
          "vertices": [
            0,
            3,
            2,
            1
          ]
        }
      ]
    },
    {
      "id": "f7410ba4-08f9-419c-b7bb-1eb13866ecf3",
      "vertices": [
        {
          "x": 0,
          "y": 0,
          "z": 0
        },
        {
          "x": 0,
          "y": 1.414213716,
          "z": 1.414213716
        },
        {
          "x": 0,
          "y": 0,
          "z": 2.828427266
        },
        {
          "x": 0,
          "y": -1.414213716,
          "z": 1.414213716
        }
      ],
      "faces": [
        {
          "vertices": [
            0,
            1,
            2,
            3
          ]
        },
        {
          "vertices": [
            0,
            3,
            2,
            1
          ]
        }
      ]
    },
    {
      "id": "c4b4e8fd-5df0-43b9-bad1-e624157fe61a",
      "vertices": [
        {
          "x": 0,
          "y": 0,
          "z": 0
        },
        {
          "x": -0.707106858,
          "y": -0.270090787,
          "z": -1.851229788
        },
        {
          "x": -1.14412293,
          "y": 1.311048215,
          "z": -2.995352551
        },
        {
          "x": -0.874032143,
          "y": 3.162277836,
          "z": -2.28824586
        },
        {
          "x": -0.166925285,
          "y": 3.432368622,
          "z": -0.437016072
        },
        {
          "x": 0.270090787,
          "y": 1.851229788,
          "z": 0.707106858
        }
      ],
      "faces": [
        {
          "vertices": [
            0,
            1,
            2,
            3,
            4,
            5
          ]
        },
        {
          "vertices": [
            0,
            5,
            4,
            3,
            2,
            1
          ]
        }
      ]
    },
    {
      "id": "d877e871-8128-47c0-ba7a-8fc5aefc8cbc",
      "vertices": [
        {
          "x": 0,
          "y": 0,
          "z": 0
        },
        {
          "x": 0.437016072,
          "y": 1.581139001,
          "z": 1.14412293
        },
        {
          "x": 1.14412293,
          "y": 1.311048215,
          "z": 2.995352551
        },
        {
          "x": 1.414213716,
          "y": -0.540181573,
          "z": 3.702459576
        },
        {
          "x": 0.977197645,
          "y": -2.121320575,
          "z": 2.558336646
        },
        {
          "x": 0.270090787,
          "y": -1.851229788,
          "z": 0.707106858
        }
      ],
      "faces": [
        {
          "vertices": [
            0,
            1,
            2,
            3,
            4,
            5
          ]
        },
        {
          "vertices": [
            0,
            5,
            4,
            3,
            2,
            1
          ]
        }
      ]
    },
    {
      "id": "8b0b3b71-4422-4ebd-928d-f4cf65ee6221",
      "vertices": [
        {
          "x": 0,
          "y": 0,
          "z": 0
        },
        {
          "x": -0.437016072,
          "y": -1.581139001,
          "z": -1.14412293
        },
        {
          "x": -1.14412293,
          "y": -1.311048215,
          "z": -2.995352551
        },
        {
          "x": -1.414213716,
          "y": 0.540181573,
          "z": -3.702459576
        },
        {
          "x": -0.977197645,
          "y": 2.121320575,
          "z": -2.558336646
        },
        {
          "x": -0.270090787,
          "y": 1.851229788,
          "z": -0.707106858
        }
      ],
      "faces": [
        {
          "vertices": [
            0,
            1,
            2,
            3,
            4,
            5
          ]
        },
        {
          "vertices": [
            0,
            5,
            4,
            3,
            2,
            1
          ]
        }
      ]
    },
    {
      "id": "4d356f71-46e5-42f1-87b5-4f3cf1f8b8b1",
      "name": "ball",
      "vertices": [
        {
          "x": -0.122868352,
          "y": 0.115342534,
          "z": 0
        },
        {
          "x": -0.071285607,
          "y": 0.083462643,
          "z": 0
        },
        {
          "x": -0.083462642,
          "y": 0.063759787,
          "z": 0.031879893
        },
        {
          "x": -0.135045393,
          "y": 0.095639675,
          "z": 0.031879893
        },
        {
          "x": 0.122868352,
          "y": -0.115342534,
          "z": 0
        },
        {
          "x": 0.121091758,
          "y": -0.125742964,
          "z": 0
        },
        {
          "x": 0.136821996,
          "y": -0.100290898,
          "z": -0.041182319
        },
        {
          "x": 0.135045393,
          "y": -0.095639675,
          "z": -0.031879893
        },
        {
          "x": 0.095639675,
          "y": -0.031879893,
          "z": -0.135045393
        },
        {
          "x": 0.063759787,
          "y": -0.031879893,
          "z": -0.083462642
        },
        {
          "x": 0.083462643,
          "y": 0,
          "z": -0.071285607
        },
        {
          "x": 0.115342534,
          "y": 0,
          "z": -0.122868352
        },
        {
          "x": 0.161176078,
          "y": 0.031879893,
          "z": -0.019702857
        },
        {
          "x": 0.103165502,
          "y": 0.031879893,
          "z": -0.019702857
        },
        {
          "x": 0.103165502,
          "y": -0.031879893,
          "z": -0.019702857
        },
        {
          "x": 0.161176078,
          "y": -0.031879893,
          "z": -0.019702857
        },
        {
          "x": -0.135045393,
          "y": 0.103165502,
          "z": -0.051582751
        },
        {
          "x": -0.126631274,
          "y": 0.101728191,
          "z": -0.061434177
        },
        {
          "x": -0.101728191,
          "y": 0.061434177,
          "z": -0.126631274
        },
        {
          "x": -0.103165502,
          "y": 0.051582751,
          "z": -0.135045393
        },
        {
          "x": -0.031879893,
          "y": 0.135045393,
          "z": -0.095639675
        },
        {
          "x": -0.041182319,
          "y": 0.136821996,
          "z": -0.100290898
        },
        {
          "x": -0.025452075,
          "y": 0.162274072,
          "z": -0.059108571
        },
        {
          "x": -0.019702857,
          "y": 0.154748252,
          "z": -0.063759787
        },
        {
          "x": -0.019702857,
          "y": -0.161176078,
          "z": 0.031879893
        },
        {
          "x": 0.019702857,
          "y": -0.161176078,
          "z": 0.031879893
        },
        {
          "x": 0.022577466,
          "y": -0.166925285,
          "z": 0.036531106
        },
        {
          "x": -0.022577466,
          "y": -0.166925285,
          "z": 0.036531106
        },
        {
          "x": -0.115342534,
          "y": -0.095639675,
          "z": 0.063759787
        },
        {
          "x": -0.083462642,
          "y": -0.063759787,
          "z": 0.031879893
        },
        {
          "x": -0.063759787,
          "y": -0.031879893,
          "z": 0.083462643
        },
        {
          "x": -0.095639675,
          "y": -0.063759787,
          "z": 0.115342534
        },
        {
          "x": 0.161176078,
          "y": 0.031879893,
          "z": 0.019702857
        },
        {
          "x": 0.166925285,
          "y": 0.036531106,
          "z": -0.022577466
        },
        {
          "x": 0.166925285,
          "y": 0.036531106,
          "z": 0.022577466
        },
        {
          "x": -0.166925285,
          "y": -0.051582751,
          "z": 0.031879893
        },
        {
          "x": -0.164599674,
          "y": -0.040294018,
          "z": 0.03796841
        },
        {
          "x": -0.164599674,
          "y": 0.040294018,
          "z": 0.03796841
        },
        {
          "x": -0.166925285,
          "y": 0.051582751,
          "z": 0.031879893
        },
        {
          "x": -0.049806145,
          "y": 0.04870814,
          "z": 0.15009703
        },
        {
          "x": -0.081686037,
          "y": 0.060885176,
          "z": 0.13039418
        },
        {
          "x": -0.088113855,
          "y": 0.060885176,
          "z": 0.135045393
        },
        {
          "x": -0.051582751,
          "y": 0.046931538,
          "z": 0.157622856
        },
        {
          "x": -0.063759787,
          "y": 0.115342534,
          "z": 0.095639675
        },
        {
          "x": -0.031879893,
          "y": 0.083462643,
          "z": 0.063759787
        },
        {
          "x": -0.063759787,
          "y": 0.031879893,
          "z": 0.083462643
        },
        {
          "x": -0.095639675,
          "y": 0.063759787,
          "z": 0.115342534
        },
        {
          "x": -0.031879893,
          "y": 0.083462643,
          "z": -0.063759787
        },
        {
          "x": 0,
          "y": 0.071285607,
          "z": -0.083462642
        },
        {
          "x": 0,
          "y": 0.122868352,
          "z": -0.115342534
        },
        {
          "x": -0.135045393,
          "y": 0.015051644,
          "z": 0.106040105
        },
        {
          "x": -0.13039418,
          "y": 0.017926252,
          "z": 0.100290898
        },
        {
          "x": -0.15009703,
          "y": 0.049806145,
          "z": 0.04870814
        },
        {
          "x": -0.157622856,
          "y": 0.051582751,
          "z": 0.046931538
        },
        {
          "x": 0,
          "y": 0.090988461,
          "z": 0.135045393
        },
        {
          "x": 0,
          "y": 0.071285607,
          "z": 0.083462643
        },
        {
          "x": 0.031879893,
          "y": 0.019702857,
          "z": 0.103165502
        },
        {
          "x": 0.031879893,
          "y": 0.039405715,
          "z": 0.154748252
        },
        {
          "x": 0.031879893,
          "y": -0.135045393,
          "z": 0.095639675
        },
        {
          "x": 0.031879893,
          "y": -0.083462642,
          "z": 0.063759787
        },
        {
          "x": 0.019702857,
          "y": -0.103165502,
          "z": 0.031879893
        },
        {
          "x": 0.019702857,
          "y": -0.154748252,
          "z": 0.063759787
        },
        {
          "x": 0.112467931,
          "y": 0.051582751,
          "z": 0.119993747
        },
        {
          "x": 0.110691321,
          "y": 0.049806145,
          "z": 0.112467931
        },
        {
          "x": 0.13039418,
          "y": 0.081686037,
          "z": 0.060885176
        },
        {
          "x": 0.135045393,
          "y": 0.088113855,
          "z": 0.060885176
        },
        {
          "x": 0.112467931,
          "y": -0.110691321,
          "z": -0.049806145
        },
        {
          "x": 0.083462643,
          "y": -0.063759787,
          "z": -0.031879893
        },
        {
          "x": 0.031879893,
          "y": -0.083462642,
          "z": -0.063759787
        },
        {
          "x": 0.060885176,
          "y": -0.13039418,
          "z": -0.081686037
        },
        {
          "x": -0.031879893,
          "y": 0.135045393,
          "z": 0.095639675
        },
        {
          "x": -0.041182319,
          "y": 0.136821996,
          "z": 0.100290898
        },
        {
          "x": 0,
          "y": 0.121091758,
          "z": 0.125742964
        },
        {
          "x": 0,
          "y": 0.122868352,
          "z": 0.115342534
        },
        {
          "x": 0.022577466,
          "y": 0.166925285,
          "z": 0.036531106
        },
        {
          "x": -0.022577466,
          "y": 0.166925285,
          "z": 0.036531106
        },
        {
          "x": -0.031879893,
          "y": 0.166925285,
          "z": 0.051582751
        },
        {
          "x": 0.031879893,
          "y": 0.166925285,
          "z": 0.051582751
        },
        {
          "x": 0,
          "y": 0.115342534,
          "z": -0.135045393
        },
        {
          "x": 0.015051644,
          "y": 0.106040105,
          "z": -0.135045393
        },
        {
          "x": 0.051582751,
          "y": 0.046931538,
          "z": -0.157622856
        },
        {
          "x": 0.051582751,
          "y": 0.031879893,
          "z": -0.166925285
        },
        {
          "x": 0.166925285,
          "y": 0.051582751,
          "z": 0.031879893
        },
        {
          "x": 0.157622856,
          "y": 0.051582751,
          "z": 0.046931538
        },
        {
          "x": 0.135045393,
          "y": 0.015051644,
          "z": 0.106040105
        },
        {
          "x": 0.135045393,
          "y": 0,
          "z": 0.115342534
        },
        {
          "x": -0.161176078,
          "y": 0.031879893,
          "z": -0.019702857
        },
        {
          "x": -0.161176078,
          "y": 0.031879893,
          "z": 0.019702857
        },
        {
          "x": -0.166925285,
          "y": 0.036531106,
          "z": 0.022577466
        },
        {
          "x": -0.166925285,
          "y": 0.036531106,
          "z": -0.022577466
        },
        {
          "x": -0.161176078,
          "y": -0.031879893,
          "z": 0.019702857
        },
        {
          "x": -0.166925285,
          "y": -0.036531106,
          "z": 0.022577466
        },
        {
          "x": 0.036531106,
          "y": 0.022577466,
          "z": -0.166925285
        },
        {
          "x": -0.036531106,
          "y": 0.022577466,
          "z": -0.166925285
        },
        {
          "x": -0.051582751,
          "y": 0.031879893,
          "z": -0.166925285
        },
        {
          "x": 0.081686037,
          "y": -0.060885176,
          "z": -0.13039418
        },
        {
          "x": 0.049806145,
          "y": -0.04870814,
          "z": -0.15009703
        },
        {
          "x": 0.051582751,
          "y": -0.046931538,
          "z": -0.157622856
        },
        {
          "x": 0.088113855,
          "y": -0.060885176,
          "z": -0.135045393
        },
        {
          "x": 0.081686037,
          "y": 0.060885176,
          "z": 0.13039418
        },
        {
          "x": 0.049806145,
          "y": 0.04870814,
          "z": 0.15009703
        },
        {
          "x": 0.051582751,
          "y": 0.046931538,
          "z": 0.157622856
        },
        {
          "x": 0.088113855,
          "y": 0.060885176,
          "z": 0.135045393
        },
        {
          "x": -0.103165502,
          "y": 0.031879893,
          "z": 0.019702857
        },
        {
          "x": -0.13039418,
          "y": 0.081686037,
          "z": 0.060885176
        },
        {
          "x": -0.100290898,
          "y": 0.13039418,
          "z": 0.017926252
        },
        {
          "x": -0.112467931,
          "y": 0.110691321,
          "z": 0.049806145
        },
        {
          "x": 0.135045393,
          "y": -0.103165502,
          "z": -0.051582751
        },
        {
          "x": 0.119993747,
          "y": -0.112467931,
          "z": -0.051582751
        },
        {
          "x": 0.060885176,
          "y": -0.135045393,
          "z": -0.088113855
        },
        {
          "x": 0.051582751,
          "y": -0.135045393,
          "z": -0.103165502
        },
        {
          "x": 0.063759787,
          "y": 0.019702857,
          "z": 0.154748252
        },
        {
          "x": 0.063759787,
          "y": 0.031879893,
          "z": 0.083462643
        },
        {
          "x": 0.095639675,
          "y": 0.031879893,
          "z": 0.135045393
        },
        {
          "x": 0,
          "y": -0.115342534,
          "z": 0.135045393
        },
        {
          "x": 0,
          "y": -0.103165502,
          "z": 0.139696606
        },
        {
          "x": -0.040294018,
          "y": -0.03796841,
          "z": 0.164599674
        },
        {
          "x": -0.051582751,
          "y": -0.031879893,
          "z": 0.166925285
        },
        {
          "x": 0.031879893,
          "y": 0.019702857,
          "z": -0.161176078
        },
        {
          "x": 0.031879893,
          "y": 0.019702857,
          "z": -0.103165502
        },
        {
          "x": -0.031879893,
          "y": 0.019702857,
          "z": -0.103165502
        },
        {
          "x": -0.031879893,
          "y": 0.019702857,
          "z": -0.161176078
        },
        {
          "x": 0.095639675,
          "y": -0.031879893,
          "z": 0.135045393
        },
        {
          "x": 0.063759787,
          "y": -0.031879893,
          "z": 0.083462643
        },
        {
          "x": 0.031879893,
          "y": -0.019702857,
          "z": 0.103165502
        },
        {
          "x": 0.063759787,
          "y": -0.019702857,
          "z": 0.154748252
        },
        {
          "x": -0.154748252,
          "y": 0.031879893,
          "z": 0.039405715
        },
        {
          "x": -0.135045393,
          "y": 0,
          "z": 0.090988461
        },
        {
          "x": -0.139696606,
          "y": 0,
          "z": 0.103165502
        },
        {
          "x": -0.166925285,
          "y": -0.051582751,
          "z": -0.031879893
        },
        {
          "x": -0.164599674,
          "y": -0.040294018,
          "z": -0.03796841
        },
        {
          "x": -0.139696606,
          "y": 0,
          "z": -0.103165502
        },
        {
          "x": -0.135045393,
          "y": 0,
          "z": -0.115342534
        },
        {
          "x": -0.119993747,
          "y": 0.112467931,
          "z": -0.051582751
        },
        {
          "x": -0.060885176,
          "y": 0.135045393,
          "z": -0.088113855
        },
        {
          "x": -0.051582751,
          "y": 0.135045393,
          "z": -0.103165502
        },
        {
          "x": 0.135045393,
          "y": 0.095639675,
          "z": -0.031879893
        },
        {
          "x": 0.136821996,
          "y": 0.100290898,
          "z": -0.041182319
        },
        {
          "x": 0.121091758,
          "y": 0.125742964,
          "z": 0
        },
        {
          "x": 0.122868352,
          "y": 0.115342534,
          "z": 0
        },
        {
          "x": 0.095639675,
          "y": -0.063759787,
          "z": 0.115342534
        },
        {
          "x": 0.083462643,
          "y": -0.063759787,
          "z": 0.031879893
        },
        {
          "x": 0.115342534,
          "y": -0.095639675,
          "z": 0.063759787
        },
        {
          "x": -0.13039418,
          "y": 0.081686037,
          "z": -0.060885176
        },
        {
          "x": -0.15009703,
          "y": 0.049806145,
          "z": -0.04870814
        },
        {
          "x": -0.157622856,
          "y": 0.051582751,
          "z": -0.046931538
        },
        {
          "x": -0.135045393,
          "y": 0.088113855,
          "z": -0.060885176
        },
        {
          "x": -0.061434177,
          "y": 0.126631274,
          "z": 0.101728191
        },
        {
          "x": -0.101728191,
          "y": 0.061434177,
          "z": 0.126631274
        },
        {
          "x": 0.154748252,
          "y": -0.063759787,
          "z": -0.019702857
        },
        {
          "x": 0.162274072,
          "y": -0.059108571,
          "z": -0.025452075
        },
        {
          "x": 0.162274072,
          "y": -0.059108571,
          "z": 0.025452075
        },
        {
          "x": 0.154748252,
          "y": -0.063759787,
          "z": 0.019702857
        },
        {
