{
  "lighting": {
    "backgroundColor": "#afc8dc",
    "ambientColor": "#333333",
    "directionalLights": [
      {
        "direction": [
          1,
          -1,
          -0.3
        ],
        "color": "#FDFDFD",
        "worldDirection": [
          0.6917144638660746,
          -0.6917144638660746,
          -0.20751433915982237
        ]
      },
      {
        "direction": [
          -1,
          0,
          -0.2
        ],
        "color": "#B5B5B5",
        "worldDirection": [
          -0.9805806756909201,
          0,
          -0.19611613513818404
        ]
      },
      {
        "direction": [
          0,
          0,
          -1
        ],
        "color": "#303030",
        "worldDirection": [
          0,
          0,
          -1
        ]
      }
    ]
  },
  "camera": {
    "near": 0.24109026789665222,
    "far": 192.87245178222656,
    "width": 43.396385192871094,
    "distance": 96.43598937988281,
    "up": [
      0,
      1,
      0
    ],
    "lookAt": [
      0,
      0,
      0
    ],
    "lookDir": [
      0,
      0,
      -1
    ],
    "perspective": false
  },
  "embedding": [
    1,
    0,
    0,
    0,
    0,
    1,
    0,
    0,
    0,
    0,
    1,
    0,
    0,
    0,
    0,
    1
  ],
  "orientations": [
    [
      1,
      0,
      0,
      0,
      0,
      1,
      0,
      0,
      0,
      0,
      1,
      0,
      0,
      0,
      0,
      1
    ],
    [
      0,
      0,
      1,
      0,
      1,
      0,
      0,
      0,
      0,
      1,
      0,
      0,
      0,
      0,
      0,
      1
    ],
    [
      0,
      1,
      0,
      0,
      0,
      0,
      1,
      0,
      1,
      0,
      0,
      0,
      0,
      0,
      0,
      1
    ],
    [
      0.8090169943749475,
      0.30901699437494745,
      0.5,
      0,
      0.30901699437494745,
      0.5,
      -0.8090169943749475,
      0,
      -0.5,
      0.8090169943749475,
      0.30901699437494745,
      0,
      0,
      0,
      0,
      1
    ],
    [
      -0.5,
      0.8090169943749475,
      0.30901699437494745,
      0,
      0.8090169943749475,
      0.30901699437494745,
      0.5,
      0,
      0.30901699437494745,
      0.5,
      -0.8090169943749475,
      0,
      0,
      0,
      0,
      1
    ],
    [
      0.30901699437494745,
      0.5,
      -0.8090169943749475,
      0,
      -0.5,
      0.8090169943749475,
      0.30901699437494745,
      0,
      0.8090169943749475,
      0.30901699437494745,
      0.5,
      0,
      0,
      0,
      0,
      1
    ],
    [
      0.5,
      0.8090169943749475,
      0.30901699437494745,
      0,
      0.8090169943749475,
      -0.30901699437494745,
      -0.5,
      0,
      -0.30901699437494745,
      0.5,
      -0.8090169943749475,
      0,
      0,
      0,
      0,
      1
    ],
    [
      -0.30901699437494745,
      0.5,
      -0.8090169943749475,
      0,
      0.5,
      0.8090169943749475,
      0.30901699437494745,
      0,
      0.8090169943749475,
      -0.30901699437494745,
      -0.5,
      0,
      0,
      0,
      0,
      1
    ],
    [
      0.8090169943749475,
      -0.30901699437494745,
      -0.5,
      0,
      -0.30901699437494745,
      0.5,
      -0.8090169943749475,
      0,
      0.5,
      0.8090169943749475,
      0.30901699437494745,
      0,
      0,
      0,
      0,
      1
    ],
    [
      0.5,
      0.8090169943749475,
      -0.30901699437494745,
      0,
      0.8090169943749475,
      -0.30901699437494745,
      0.5,
      0,
      0.30901699437494745,
      -0.5,
      -0.8090169943749475,
      0,
      0,
      0,
      0,
      1
    ],
    [
      0.30901699437494745,
      -0.5,
      -0.8090169943749475,
      0,
      0.5,
      0.8090169943749475,
      -0.30901699437494745,
      0,
      0.8090169943749475,
      -0.30901699437494745,
      0.5,
      0,
      0,
      0,
      0,
      1
    ],
    [
      0.8090169943749475,
      -0.30901699437494745,
      0.5,
      0,
      0.30901699437494745,
      -0.5,
      -0.8090169943749475,
      0,
      0.5,
      0.8090169943749475,
      -0.30901699437494745,
      0,
      0,
      0,
      0,
      1
    ],
    [
      0.8090169943749475,
      0.30901699437494745,
      -0.5,
      0,
      0.30901699437494745,
      0.5,
      0.8090169943749475,
      0,
      0.5,
      -0.8090169943749475,
      0.30901699437494745,
      0,
      0,
      0,
      0,
      1
    ],
    [
      0.5,
      -0.8090169943749475,
      0.30901699437494745,
      0,
      0.8090169943749475,
      0.30901699437494745,
      -0.5,
      0,
      0.30901699437494745,
      0.5,
      0.8090169943749475,
      0,
      0,
      0,
      0,
      1
    ],
    [
      0.30901699437494745,
      0.5,
      0.8090169943749475,
      0,
      0.5,
      -0.8090169943749475,
      0.30901699437494745,
      0,
      0.8090169943749475,
      0.30901699437494745,
      -0.5,
      0,
      0,
      0,
      0,
      1
    ],
    [
      1,
      0,
      0,
      0,
      0,
      -1,
      0,
      0,
      0,
      0,
      -1,
      0,
      0,
      0,
      0,
      1
    ],
    [
      0,
      0,
      1,
      0,
      -1,
      0,
      0,
      0,
      0,
      -1,
      0,
      0,
      0,
      0,
      0,
      1
    ],
    [
      0,
      1,
      0,
      0,
      0,
      0,
      -1,
      0,
      -1,
      0,
      0,
      0,
      0,
      0,
      0,
      1
    ],
    [
      0.8090169943749475,
      0.30901699437494745,
      0.5,
      0,
      -0.30901699437494745,
      -0.5,
      0.8090169943749475,
      0,
      0.5,
      -0.8090169943749475,
      -0.30901699437494745,
      0,
      0,
      0,
      0,
      1
    ],
    [
      -0.5,
      0.8090169943749475,
      0.30901699437494745,
      0,
      -0.8090169943749475,
      -0.30901699437494745,
      -0.5,
      0,
      -0.30901699437494745,
      -0.5,
      0.8090169943749475,
      0,
      0,
      0,
      0,
      1
    ],
    [
      0.30901699437494745,
      0.5,
      -0.8090169943749475,
      0,
      0.5,
      -0.8090169943749475,
      -0.30901699437494745,
      0,
      -0.8090169943749475,
      -0.30901699437494745,
      -0.5,
      0,
      0,
      0,
      0,
      1
    ],
    [
      0.5,
      0.8090169943749475,
      0.30901699437494745,
      0,
      -0.8090169943749475,
      0.30901699437494745,
      0.5,
      0,
      0.30901699437494745,
      -0.5,
      0.8090169943749475,
      0,
      0,
      0,
      0,
      1
    ],
    [
      -0.30901699437494745,
      0.5,
      -0.8090169943749475,
      0,
      -0.5,
      -0.8090169943749475,
      -0.30901699437494745,
      0,
      -0.8090169943749475,
      0.30901699437494745,
      0.5,
      0,
      0,
      0,
      0,
      1
    ],
    [
      0.8090169943749475,
      -0.30901699437494745,
      -0.5,
      0,
      0.30901699437494745,
      -0.5,
      0.8090169943749475,
      0,
      -0.5,
      -0.8090169943749475,
      -0.30901699437494745,
      0,
      0,
      0,
      0,
      1
    ],
    [
      0.5,
      0.8090169943749475,
      -0.30901699437494745,
      0,
      -0.8090169943749475,
      0.30901699437494745,
      -0.5,
      0,
      -0.30901699437494745,
      0.5,
      0.8090169943749475,
      0,
      0,
      0,
      0,
      1
    ],
    [
      0.30901699437494745,
      -0.5,
      -0.8090169943749475,
      0,
      -0.5,
      -0.8090169943749475,
      0.30901699437494745,
      0,
      -0.8090169943749475,
      0.30901699437494745,
      -0.5,
      0,
      0,
      0,
      0,
      1
    ],
    [
      0.8090169943749475,
      -0.30901699437494745,
      0.5,
      0,
      -0.30901699437494745,
      0.5,
      0.8090169943749475,
      0,
      -0.5,
      -0.8090169943749475,
      0.30901699437494745,
      0,
      0,
      0,
      0,
      1
    ],
    [
      0.8090169943749475,
      0.30901699437494745,
      -0.5,
      0,
      -0.30901699437494745,
      -0.5,
      -0.8090169943749475,
      0,
      -0.5,
      0.8090169943749475,
      -0.30901699437494745,
      0,
      0,
      0,
      0,
      1
    ],
    [
      0.5,
      -0.8090169943749475,
      0.30901699437494745,
      0,
      -0.8090169943749475,
      -0.30901699437494745,
      0.5,
      0,
      -0.30901699437494745,
      -0.5,
      -0.8090169943749475,
      0,
      0,
      0,
      0,
      1
    ],
    [
      0.30901699437494745,
      0.5,
      0.8090169943749475,
      0,
      -0.5,
      0.8090169943749475,
      -0.30901699437494745,
      0,
      -0.8090169943749475,
      -0.30901699437494745,
      0.5,
      0,
      0,
      0,
      0,
      1
    ],
    [
      -1,
      0,
      0,
      0,
      0,
      -1,
      0,
      0,
      0,
      0,
      1,
      0,
      0,
      0,
      0,
      1
    ],
    [
      0,
      0,
      -1,
      0,
      -1,
      0,
      0,
      0,
      0,
      1,
      0,
      0,
      0,
      0,
      0,
      1
    ],
    [
      0,
      -1,
      0,
      0,
      0,
      0,
      -1,
      0,
      1,
      0,
      0,
      0,
      0,
      0,
      0,
      1
    ],
    [
      -0.8090169943749475,
      -0.30901699437494745,
      -0.5,
      0,
      -0.30901699437494745,
      -0.5,
      0.8090169943749475,
      0,
      -0.5,
      0.8090169943749475,
      0.30901699437494745,
      0,
      0,
      0,
      0,
      1
    ],
    [
      0.5,
      -0.8090169943749475,
      -0.30901699437494745,
      0,
      -0.8090169943749475,
      -0.30901699437494745,
      -0.5,
      0,
      0.30901699437494745,
      0.5,
      -0.8090169943749475,
      0,
      0,
      0,
      0,
      1
    ],
    [
      -0.30901699437494745,
      -0.5,
      0.8090169943749475,
      0,
      0.5,
      -0.8090169943749475,
      -0.30901699437494745,
      0,
      0.8090169943749475,
      0.30901699437494745,
      0.5,
      0,
      0,
      0,
      0,
      1
    ],
    [
      -0.5,
      -0.8090169943749475,
      -0.30901699437494745,
      0,
      -0.8090169943749475,
      0.30901699437494745,
      0.5,
      0,
      -0.30901699437494745,
      0.5,
      -0.8090169943749475,
      0,
      0,
      0,
      0,
      1
    ],
    [
      0.30901699437494745,
      -0.5,
      0.8090169943749475,
      0,
      -0.5,
      -0.8090169943749475,
      -0.30901699437494745,
      0,
      0.8090169943749475,
      -0.30901699437494745,
      -0.5,
      0,
      0,
      0,
      0,
      1
    ],
    [
      -0.8090169943749475,
      0.30901699437494745,
      0.5,
      0,
      0.30901699437494745,
      -0.5,
      0.8090169943749475,
      0,
      0.5,
      0.8090169943749475,
      0.30901699437494745,
      0,
      0,
      0,
      0,
      1
    ],
    [
      -0.5,
      -0.8090169943749475,
      0.30901699437494745,
      0,
      -0.8090169943749475,
      0.30901699437494745,
      -0.5,
      0,
      0.30901699437494745,
      -0.5,
      -0.8090169943749475,
      0,
      0,
      0,
      0,
      1
    ],
    [
      -0.30901699437494745,
      0.5,
      0.8090169943749475,
      0,
      -0.5,
      -0.8090169943749475,
      0.30901699437494745,
      0,
      0.8090169943749475,
      -0.30901699437494745,
      0.5,
      0,
      0,
      0,
      0,
      1
    ],
    [
      -0.8090169943749475,
      0.30901699437494745,
      -0.5,
      0,
      -0.30901699437494745,
      0.5,
      0.8090169943749475,
      0,
      0.5,
      0.8090169943749475,
      -0.30901699437494745,
      0,
      0,
      0,
      0,
      1
    ],
    [
      -0.8090169943749475,
      -0.30901699437494745,
      0.5,
      0,
      -0.30901699437494745,
      -0.5,
      -0.8090169943749475,
      0,
      0.5,
      -0.8090169943749475,
      0.30901699437494745,
      0,
      0,
      0,
      0,
      1
    ],
    [
      -0.5,
      0.8090169943749475,
      -0.30901699437494745,
      0,
      -0.8090169943749475,
      -0.30901699437494745,
      0.5,
      0,
      0.30901699437494745,
      0.5,
      0.8090169943749475,
      0,
      0,
      0,
      0,
      1
    ],
    [
      -0.30901699437494745,
      -0.5,
      -0.8090169943749475,
      0,
      -0.5,
      0.8090169943749475,
      -0.30901699437494745,
      0,
      0.8090169943749475,
      0.30901699437494745,
      -0.5,
      0,
      0,
      0,
      0,
      1
    ],
    [
      -1,
      0,
      0,
      0,
      0,
      1,
      0,
      0,
      0,
      0,
      -1,
      0,
      0,
      0,
      0,
      1
    ],
    [
      0,
      0,
      -1,
      0,
      1,
      0,
      0,
      0,
      0,
      -1,
      0,
      0,
      0,
      0,
      0,
      1
    ],
    [
      0,
      -1,
      0,
      0,
      0,
      0,
      1,
      0,
      -1,
      0,
      0,
      0,
      0,
      0,
      0,
      1
    ],
    [
      -0.8090169943749475,
      -0.30901699437494745,
      -0.5,
      0,
      0.30901699437494745,
      0.5,
      -0.8090169943749475,
      0,
      0.5,
      -0.8090169943749475,
      -0.30901699437494745,
      0,
      0,
      0,
      0,
      1
    ],
    [
      0.5,
      -0.8090169943749475,
      -0.30901699437494745,
      0,
      0.8090169943749475,
      0.30901699437494745,
      0.5,
      0,
      -0.30901699437494745,
      -0.5,
      0.8090169943749475,
      0,
      0,
      0,
      0,
      1
    ],
    [
      -0.30901699437494745,
      -0.5,
      0.8090169943749475,
      0,
      -0.5,
      0.8090169943749475,
      0.30901699437494745,
      0,
      -0.8090169943749475,
      -0.30901699437494745,
      -0.5,
      0,
      0,
      0,
      0,
      1
    ],
    [
      -0.5,
      -0.8090169943749475,
      -0.30901699437494745,
      0,
      0.8090169943749475,
      -0.30901699437494745,
      -0.5,
      0,
      0.30901699437494745,
      -0.5,
      0.8090169943749475,
      0,
      0,
      0,
      0,
      1
    ],
    [
      0.30901699437494745,
      -0.5,
      0.8090169943749475,
      0,
      0.5,
      0.8090169943749475,
      0.30901699437494745,
      0,
      -0.8090169943749475,
      0.30901699437494745,
      0.5,
      0,
      0,
      0,
      0,
      1
    ],
    [
      -0.8090169943749475,
      0.30901699437494745,
      0.5,
      0,
      -0.30901699437494745,
      0.5,
      -0.8090169943749475,
      0,
      -0.5,
      -0.8090169943749475,
      -0.30901699437494745,
      0,
      0,
      0,
      0,
      1
    ],
    [
      -0.5,
      -0.8090169943749475,
      0.30901699437494745,
      0,
      0.8090169943749475,
      -0.30901699437494745,
      0.5,
      0,
      -0.30901699437494745,
      0.5,
      0.8090169943749475,
      0,
      0,
      0,
      0,
      1
    ],
    [
      -0.30901699437494745,
      0.5,
      0.8090169943749475,
      0,
      0.5,
      0.8090169943749475,
      -0.30901699437494745,
      0,
      -0.8090169943749475,
      0.30901699437494745,
      -0.5,
      0,
      0,
      0,
      0,
      1
    ],
    [
      -0.8090169943749475,
      0.30901699437494745,
      -0.5,
      0,
      0.30901699437494745,
      -0.5,
      -0.8090169943749475,
      0,
      -0.5,
      -0.8090169943749475,
      0.30901699437494745,
      0,
      0,
      0,
      0,
      1
    ],
    [
      -0.8090169943749475,
      -0.30901699437494745,
      0.5,
      0,
      0.30901699437494745,
      0.5,
      0.8090169943749475,
      0,
      -0.5,
      0.8090169943749475,
      -0.30901699437494745,
      0,
      0,
      0,
      0,
      1
    ],
    [
      -0.5,
      0.8090169943749475,
      -0.30901699437494745,
      0,
      0.8090169943749475,
      0.30901699437494745,
      -0.5,
      0,
      -0.30901699437494745,
      -0.5,
      -0.8090169943749475,
      0,
      0,
      0,
      0,
      1
    ],
    [
      -0.30901699437494745,
      -0.5,
      -0.8090169943749475,
      0,
      0.5,
      -0.8090169943749475,
      0.30901699437494745,
      0,
      -0.8090169943749475,
      -0.30901699437494745,
      0.5,
      0,
      0,
      0,
      0,
      1
    ]
  ],
  "polygons": true,
  "shapes": {
    "s9538048829505723": {
      "id": "s9538048829505723",
      "name": "ball",
      "vertices": [
        {
          "x": 0.30901700258255005,
          "y": -0.30901700258255005,
          "z": -0.30901700258255005
        },
        {
          "x": 0.5,
          "y": 0,
          "z": -0.19098301231861115
        },
        {
          "x": 0.5,
          "y": 0,
          "z": 0.19098301231861115
        },
        {
          "x": 0.30901700258255005,
          "y": -0.30901700258255005,
          "z": 0.30901700258255005
        },
        {
          "x": 0.19098301231861115,
          "y": -0.5,
          "z": 0
        },
        {
          "x": 0,
          "y": 0.19098301231861115,
          "z": 0.5
        },
        {
          "x": 0,
          "y": -0.19098301231861115,
          "z": 0.5
        },
        {
          "x": 0.30901700258255005,
          "y": 0.30901700258255005,
          "z": 0.30901700258255005
        },
        {
          "x": -0.30901700258255005,
          "y": -0.30901700258255005,
          "z": 0.30901700258255005
        },
        {
          "x": -0.30901700258255005,
          "y": 0.30901700258255005,
          "z": 0.30901700258255005
        },
        {
          "x": -0.5,
          "y": 0,
          "z": 0.19098301231861115
        },
        {
          "x": 0,
          "y": -0.19098301231861115,
          "z": -0.5
        },
        {
          "x": 0,
          "y": 0.19098301231861115,
          "z": -0.5
        },
        {
          "x": 0.30901700258255005,
          "y": 0.30901700258255005,
          "z": -0.30901700258255005
        },
        {
          "x": -0.30901700258255005,
          "y": -0.30901700258255005,
          "z": -0.30901700258255005
        },
        {
          "x": -0.19098301231861115,
          "y": -0.5,
          "z": 0
        },
        {
          "x": -0.5,
          "y": 0,
          "z": -0.19098301231861115
        },
        {
          "x": 0.19098301231861115,
          "y": 0.5,
          "z": 0
        },
        {
          "x": -0.30901700258255005,
          "y": 0.30901700258255005,
          "z": -0.30901700258255005
        },
        {
          "x": 0,
          "y": 0,
          "z": 0
        },
        {
          "x": -0.19098301231861115,
          "y": 0.5,
          "z": 0
        }
      ],
      "faces": [
        {
          "vertices": [
            0,
            1,
            2,
            3,
            4
          ]
        },
        {
          "vertices": [
            2,
            7,
            5,
            6,
            3
          ]
        },
        {
          "vertices": [
            5,
            9,
            10,
            8,
            6
          ]
        },
        {
          "vertices": [
            0,
            11,
            12,
            13,
            1
          ]
        },
        {
          "vertices": [
            0,
            4,
            15,
            14,
            11
          ]
        },
        {
          "vertices": [
            8,
            10,
            16,
            14,
            15
          ]
        },
        {
          "vertices": [
            1,
            13,
            17,
            7,
            2
          ]
        },
        {
          "vertices": [
            11,
            14,
            16,
            18,
            12
          ]
        },
        {
          "vertices": [
            5,
            7,
            17,
            20,
            9
          ]
        },
        {
          "vertices": [
            12,
            18,
            20,
            17,
            13
          ]
        },
        {
          "vertices": [
            9,
            20,
            18,
            16,
            10
          ]
        },
        {
          "vertices": [
            3,
            6,
            8,
            15,
            4
          ]
        }
      ]
    },
    "s8148296988529562": {
      "id": "s8148296988529562",
      "orbit": "[[0,-3,-1,-1,0,2,1],[-1,-1,0,1,0,0,1]]",
      "length": "[1,0,0,0,0,0,1]",
      "vertices": [
        {
          "x": 1.0018396377563477,
          "y": -1.194408655166626,
          "z": 6.790724277496338
        },
        {
          "x": 1.1018396615982056,
          "y": -0.7944086790084839,
          "z": 6.8907246589660645
        },
        {
          "x": 0.3221755623817444,
          "y": 0.02546747587621212,
          "z": 0.6168816685676575
        },
        {
          "x": 0.22217555344104767,
          "y": -0.3745325207710266,
          "z": 0.5168816447257996
        },
        {
          "x": 1.4018397331237793,
          "y": -0.9277420043945312,
          "z": 6.65739107131958
        },
        {
          "x": 1.3018397092819214,
          "y": -1.3277419805526733,
          "z": 6.557391166687012
        },
        {
          "x": -0.07782444357872009,
          "y": -0.24119919538497925,
          "z": 0.7502149939537048
        },
        {
          "x": 0.022175554186105728,
          "y": 0.15880081057548523,
          "z": 0.8502150177955627
        }
      ],
      "faces": [
        {
          "vertices": [
            2,
            4,
            5,
            3
          ]
        },
        {
          "vertices": [
            0,
            6,
            3,
            5
          ]
        },
        {
          "vertices": [
            0,
            1,
            7,
            6
          ]
        },
        {
          "vertices": [
            1,
            4,
            2,
            7
          ]
        },
        {
          "vertices": [
            2,
            3,
            6,
            7
          ]
        },
        {
          "vertices": [
            0,
            5,
            4,
            1
          ]
        }
      ]
    },
    "s10057343058340629": {
      "id": "s10057343058340629",
      "orbit": "[[72,9,4,36,-48,-6,71],[135,-63,-28,32,-90,42,71]]",
      "length": "[9,18,0,0,-3,-6,2]",
      "vertices": [
        {
          "x": 0.15663984417915344,
          "y": -1.850027322769165,
          "z": -2.2267208099365234
        },
        {
          "x": -0.24336014688014984,
          "y": -1.7500274181365967,
          "z": -2.126720905303955
        },
        {
          "x": -0.2935509979724884,
          "y": -0.5764762163162231,
          "z": -0.3366938829421997
        },
        {
          "x": 0.10644901543855667,
          "y": -0.676476240158081,
          "z": -0.43669387698173523
        },
        {
          "x": -0.3766934871673584,
          "y": -2.050027370452881,
          "z": -1.8933875560760498
        },
        {
          "x": 0.02330651879310608,
          "y": -2.150027275085449,
          "z": -1.9933875799179077
        },
        {
          "x": 0.23978234827518463,
          "y": -0.3764762282371521,
          "z": -0.6700271964073181
        },
        {
          "x": -0.16021765768527985,
          "y": -0.2764762341976166,
          "z": -0.570027232170105
        }
      ],
      "faces": [
        {
          "vertices": [
            2,
            4,
            5,
            3
          ]
        },
        {
          "vertices": [
            0,
            6,
            3,
            5
          ]
        },
        {
          "vertices": [
            0,
            1,
            7,
            6
          ]
        },
        {
          "vertices": [
            1,
            4,
            2,
            7
          ]
        },
        {
          "vertices": [
            2,
            3,
            6,
            7
          ]
        },
        {
          "vertices": [
            0,
            5,
            4,
            1
          ]
        }
      ]
    },
    "s7099722061482472": {
      "id": "s7099722061482472",
      "orbit": "[[-38,23,6,-4,20,-12,1],[23,-15,-4,2,-12,8,1]]",
      "length": "[9,18,0,0,-3,-6,2]",
      "vertices": [
        {
          "x": 0.4705936014652252,
          "y": 0.34569859504699707,
          "z": 2.8219845294952393
        },
        {
          "x": 0.07059361785650253,
          "y": 0.4456985890865326,
          "z": 2.9219846725463867
        },
        {
          "x": -0.04948053136467934,
          "y": 0.3356766700744629,
          "z": 0.6183862090110779
        },
        {
          "x": 0.35051947832107544,
          "y": 0.23567667603492737,
          "z": 0.51838618516922
        },
        {
          "x": 0.2039269506931305,
          "y": 0.7456985712051392,
          "z": 2.6886513233184814
        },
        {
          "x": 0.603926956653595,
          "y": 0.645698606967926,
          "z": 2.588651180267334
        },
        {
          "x": 0.21718613803386688,
          "y": -0.0643233209848404,
          "z": 0.7517195343971252
        },
        {
          "x": -0.1828138679265976,
          "y": 0.035676684230566025,
          "z": 0.8517195582389832
        }
      ],
      "faces": [
        {
          "vertices": [
            2,
            4,
            5,
            3
          ]
        },
        {
          "vertices": [
            0,
            6,
            3,
            5
          ]
        },
        {
          "vertices": [
            0,
            1,
            7,
            6
          ]
        },
        {
          "vertices": [
            1,
            4,
            2,
            7
          ]
        },
        {
          "vertices": [
            2,
            3,
            6,
            7
          ]
        },
        {
          "vertices": [
            0,
            5,
            4,
            1
          ]
        }
      ]
    },
    "s4545501433830028": {
      "id": "s4545501433830028",
      "orbit": "[[4,5,-18,16,-20,8,11],[21,-15,-34,18,-28,20,11]]",
      "length": "[9,18,0,0,-3,-6,2]",
      "vertices": [
        {
          "x": 2.19172739982605,
          "y": -1.6761651039123535,
          "z": 0.13333334028720856
        },
        {
          "x": 2.2917275428771973,
          "y": -1.7761651277542114,
          "z": -0.2666666805744171
        },
        {
          "x": 0.4563029408454895,
          "y": -0.6617172956466675,
          "z": -0.13333334028720856
        },
        {
          "x": 0.356302946805954,
          "y": -0.5617172718048096,
          "z": 0.2666666805744171
        },
        {
          "x": 2.058394193649292,
          "y": -2.076165199279785,
          "z": -0.13333334028720856
        },
        {
          "x": 1.958394169807434,
          "y": -1.9761650562286377,
          "z": 0.2666666805744171
        },
        {
          "x": 0.5896362662315369,
          "y": -0.261717289686203,
          "z": 0.13333334028720856
        },
        {
          "x": 0.6896362900733948,
          "y": -0.3617172837257385,
          "z": -0.2666666805744171
        }
      ],
      "faces": [
        {
          "vertices": [
            2,
            4,
            5,
            3
          ]
        },
        {
          "vertices": [
            0,
            6,
            3,
            5
          ]
        },
        {
          "vertices": [
            0,
            1,
            7,
            6
          ]
        },
        {
          "vertices": [
            1,
            4,
            2,
            7
          ]
        },
        {
          "vertices": [
            2,
            3,
            6,
            7
          ]
        },
        {
          "vertices": [
            0,
            5,
            4,
            1
          ]
        }
      ]
    },
    "s13868260421575185": {
      "id": "s13868260421575185",
      "orbit": "[[72,9,4,36,-48,-6,71],[135,-63,-28,32,-90,42,71]]",
      "length": "[18,27,0,0,-6,-9,2]",
      "vertices": [
        {
          "x": 0.07202411442995071,
          "y": -3.34968900680542,
          "z": -3.8109982013702393
        },
        {
          "x": -0.327975869178772,
          "y": -3.2496891021728516,
          "z": -3.710998296737671
        },
        {
          "x": -0.2935509979724884,
          "y": -0.5764762163162231,
          "z": -0.3366938829421997
        },
        {
          "x": 0.10644901543855667,
          "y": -0.676476240158081,
          "z": -0.43669387698173523
        },
        {
          "x": -0.4613092243671417,
          "y": -3.5496890544891357,
          "z": -3.4776649475097656
        },
        {
          "x": -0.061309218406677246,
          "y": -3.649688959121704,
          "z": -3.577664852142334
        },
        {
          "x": 0.23978234827518463,
          "y": -0.3764762282371521,
          "z": -0.6700271964073181
        },
        {
          "x": -0.16021765768527985,
          "y": -0.2764762341976166,
          "z": -0.570027232170105
        }
      ],
      "faces": [
        {
          "vertices": [
            2,
            4,
            5,
            3
          ]
        },
        {
          "vertices": [
            0,
            6,
            3,
            5
          ]
        },
        {
          "vertices": [
            0,
            1,
            7,
            6
          ]
        },
        {
          "vertices": [
            1,
            4,
            2,
            7
          ]
        },
        {
          "vertices": [
            2,
            3,
            6,
            7
          ]
        },
        {
          "vertices": [
            0,
            5,
            4,
            1
          ]
        }
      ]
    },
    "s46638029459100205": {
      "id": "s46638029459100205",
      "orbit": "[[4,5,-18,16,-20,8,11],[21,-15,-34,18,-28,20,11]]",
      "length": "[18,27,0,0,-6,-9,2]",
      "vertices": [
        {
          "x": 3.8283002376556396,
          "y": -3.121055841445923,
          "z": 0.13333334028720856
        },
        {
          "x": 3.928300380706787,
          "y": -3.2210559844970703,
          "z": -0.2666666805744171
        },
        {
          "x": 0.4563029408454895,
          "y": -0.6617172956466675,
          "z": -0.13333334028720856
        },
        {
          "x": 0.356302946805954,
          "y": -0.5617172718048096,
          "z": 0.2666666805744171
        },
        {
          "x": 3.694967031478882,
          "y": -3.5210559368133545,
          "z": -0.13333334028720856
        },
        {
          "x": 3.5949671268463135,
          "y": -3.421055793762207,
          "z": 0.2666666805744171
        },
        {
          "x": 0.5896362662315369,
          "y": -0.261717289686203,
          "z": 0.13333334028720856
        },
        {
          "x": 0.6896362900733948,
          "y": -0.3617172837257385,
          "z": -0.2666666805744171
        }
      ],
      "faces": [
        {
          "vertices": [
            2,
            4,
            5,
            3
          ]
        },
        {
          "vertices": [
            0,
            6,
            3,
            5
          ]
        },
        {
          "vertices": [
            0,
            1,
            7,
            6
          ]
        },
        {
          "vertices": [
            1,
            4,
            2,
            7
          ]
        },
        {
          "vertices": [
            2,
            3,
            6,
            7
          ]
        },
        {
          "vertices": [
            0,
            5,
            4,
            1
          ]
        }
      ]
    },
    "s14462509684424552": {
      "id": "s14462509684424552",
      "orbit": "[[-38,23,6,-4,20,-12,1],[23,-15,-4,2,-12,8,1]]",
      "length": "[18,27,0,0,-6,-9,2]",
      "vertices": [
        {
          "x": 0.7308558225631714,
          "y": 0.7668116688728333,
          "z": 4.948250770568848
        },
        {
          "x": 0.3308558166027069,
          "y": 0.8668116927146912,
          "z": 5.048250675201416
        },
        {
          "x": -0.04948053136467934,
          "y": 0.3356766700744629,
          "z": 0.6183862090110779
        },
        {
          "x": 0.35051947832107544,
          "y": 0.23567667603492737,
          "z": 0.51838618516922
        },
        {
          "x": 0.4641891419887543,
          "y": 1.1668117046356201,
          "z": 4.814917087554932
        },
        {
          "x": 0.8641891479492188,
          "y": 1.0668116807937622,
          "z": 4.714917182922363
        },
        {
          "x": 0.21718613803386688,
          "y": -0.0643233209848404,
          "z": 0.7517195343971252
        },
        {
          "x": -0.1828138679265976,
          "y": 0.035676684230566025,
          "z": 0.8517195582389832
        }
      ],
      "faces": [
        {
          "vertices": [
            2,
            4,
            5,
            3
          ]
        },
        {
          "vertices": [
            0,
            6,
            3,
            5
          ]
        },
        {
          "vertices": [
            0,
            1,
            7,
            6
          ]
        },
        {
          "vertices": [
            1,
            4,
            2,
            7
          ]
        },
        {
          "vertices": [
            2,
            3,
            6,
            7
          ]
        },
        {
          "vertices": [
            0,
            5,
            4,
            1
          ]
        }
      ]
    },
    "s6558512903761777": {
      "id": "s6558512903761777",
      "orbit": "[[0,0,0,0,0,0,1],[2,-1,0,0,0,0,1]]",
      "length": "[0,1,0,0,0,0,1]",
      "vertices": [
        {
          "x": 11.090169906616211,
          "y": 0,
          "z": -4.236067771911621
        },
        {
          "x": 10.781152725219727,
          "y": 0,
          "z": -4.1180338859558105
        },
        {
          "x": 10.376644134521484,
          "y": -0.15450850129127502,
          "z": -3.677051067352295
        },
        {
          "x": 10.185661315917969,
          "y": -0.15450850129127502,
          "z": -4.177051067352295
        },
        {
          "x": 0.9045084714889526,
          "y": -0.15450850129127502,
          "z": -0.05901699513196945
        },
        {
          "x": 0.80901700258255,
          "y": 0.30901700258255005,
          "z": -0.30901700258255005
        },
        {
          "x": 0.30901700258255005,
          "y": 0,
          "z": -0.1180339902639389
        },
        {
          "x": 10.281152725219727,
          "y": 0.30901700258255005,
          "z": -3.927051067352295
        },
        {
          "x": 0.7135254740715027,
          "y": -0.15450850129127502,
          "z": -0.55901700258255
        }
      ],
      "faces": [
        {
          "vertices": [
            1,
            2,
            3
          ]
        },
        {
          "vertices": [
            4,
            5,
            6
          ]
        },
        {
          "vertices": [
            2,
            7,
            5,
            4
          ]
        },
        {
          "vertices": [
            4,
            6,
            8
          ]
        },
        {
          "vertices": [
            2,
            4,
            8,
            3
          ]
        },
        {
          "vertices": [
            1,
            7,
            2
          ]
        },
        {
          "vertices": [
            3,
            8,
            5,
            7
          ]
        },
        {
          "vertices": [
            5,
            8,
            6
          ]
        },
        {
          "vertices": [
            1,
            3,
            7
          ]
        }
      ]
    },
    "s7307307685037756": {
      "id": "s7307307685037756",
      "orbit": "[[72,9,4,36,-48,-6,71],[135,-63,-28,32,-90,42,71]]",
      "length": "[27,45,0,0,-9,-15,2]",
      "vertices": [
        {
          "x": -0.06488701701164246,
          "y": -5.776192665100098,
          "z": -6.374413013458252
        },
        {
          "x": -0.46488702297210693,
          "y": -5.676192760467529,
          "z": -6.274413108825684
        },
        {
          "x": -0.2935509979724884,
          "y": -0.5764762163162231,
          "z": -0.3366938829421997
        },
        {
          "x": 0.10644901543855667,
          "y": -0.676476240158081,
          "z": -0.43669387698173523
        },
        {
          "x": -0.5982203483581543,
          "y": -5.976192474365234,
          "z": -6.041079521179199
        },
        {
          "x": -0.198220357298851,
          "y": -6.076192855834961,
          "z": -6.141079902648926
        },
        {
          "x": 0.23978234827518463,
          "y": -0.3764762282371521,
          "z": -0.6700271964073181
        },
        {
          "x": -0.16021765768527985,
          "y": -0.2764762341976166,
          "z": -0.570027232170105
        }
      ],
      "faces": [
        {
          "vertices": [
            2,
            4,
            5,
            3
          ]
        },
        {
          "vertices": [
            0,
            6,
            3,
            5
          ]
        },
        {
          "vertices": [
            0,
            1,
            7,
            6
          ]
        },
        {
          "vertices": [
            1,
            4,
            2,
            7
          ]
        },
        {
          "vertices": [
            2,
            3,
            6,
            7
          ]
        },
        {
          "vertices": [
            0,
            5,
            4,
            1
          ]
        }
      ]
    },
    "s09812108041813117": {
      "id": "s09812108041813117",
      "orbit": "[[4,5,-18,16,-20,8,11],[21,-15,-34,18,-28,20,11]]",
      "length": "[27,45,0,0,-9,-15,2]",
      "vertices": [
        {
          "x": 6.476330757141113,
          "y": -5.458938121795654,
          "z": 0.13333334028720856
        },
        {
          "x": 6.576330661773682,
          "y": -5.558938503265381,
          "z": -0.2666666805744171
        },
        {
          "x": 0.4563029408454895,
          "y": -0.6617172956466675,
          "z": -0.13333334028720856
        },
        {
          "x": 0.356302946805954,
          "y": -0.5617172718048096,
          "z": 0.2666666805744171
        },
        {
          "x": 6.3429975509643555,
          "y": -5.858938217163086,
          "z": -0.13333334028720856
        },
        {
          "x": 6.242997646331787,
          "y": -5.758938312530518,
          "z": 0.2666666805744171
        },
        {
          "x": 0.5896362662315369,
          "y": -0.261717289686203,
          "z": 0.13333334028720856
        },
        {
          "x": 0.6896362900733948,
          "y": -0.3617172837257385,
          "z": -0.2666666805744171
        }
      ],
      "faces": [
        {
          "vertices": [
            2,
            4,
            5,
            3
          ]
        },
        {
          "vertices": [
            0,
            6,
            3,
            5
          ]
        },
        {
          "vertices": [
            0,
            1,
            7,
            6
          ]
        },
        {
          "vertices": [
            1,
            4,
            2,
            7
          ]
        },
        {
          "vertices": [
            2,
            3,
            6,
            7
          ]
        },
        {
          "vertices": [
            0,
            5,
            4,
            1
          ]
        }
      ]
    },
    "s6639269077849979": {
      "id": "s6639269077849979",
      "orbit": "[[-38,23,6,-4,20,-12,1],[23,-15,-4,2,-12,8,1]]",
