{
  "lighting": {
    "backgroundColor": "#afc8dc",
    "ambientColor": "#333333",
    "directionalLights": [
      {
        "direction": [
          1,
          -1,
          -0.3
        ],
        "color": "#FDFDFD",
        "worldDirection": [
          0.6917144638660746,
          -0.6917144638660746,
          -0.20751433915982237
        ]
      },
      {
        "direction": [
          -1,
          0,
          -0.2
        ],
        "color": "#B5B5B5",
        "worldDirection": [
          -0.9805806756909201,
          0,
          -0.19611613513818404
        ]
      },
      {
        "direction": [
          0,
          0,
          -1
        ],
        "color": "#303030",
        "worldDirection": [
          0,
          0,
          -1
        ]
      }
    ]
  },
  "camera": {
    "near": 0.17860376834869385,
    "far": 142.88258361816406,
    "width": 32.1486701965332,
    "distance": 71.44154357910156,
    "up": [
      0,
      1,
      0
    ],
    "lookAt": [
      0,
      0,
      0
    ],
    "lookDir": [
      0,
      0,
      -1
    ],
    "perspective": false
  },
  "embedding": [
    1,
    0,
    0,
    0,
    0,
    1,
    0,
    0,
    0,
    0,
    1,
    0,
    0,
    0,
    0,
    1
  ],
  "orientations": [
    [
      1,
      0,
      0,
      0,
      0,
      1,
      0,
      0,
      0,
      0,
      1,
      0,
      0,
      0,
      0,
      1
    ],
    [
      1,
      0,
      0,
      0,
      0,
      0,
      1,
      0,
      0,
      -1,
      0,
      0,
      0,
      0,
      0,
      1
    ],
    [
      1,
      0,
      0,
      0,
      0,
      -1,
      0,
      0,
      0,
      0,
      -1,
      0,
      0,
      0,
      0,
      1
    ],
    [
      1,
      0,
      0,
      0,
      0,
      0,
      -1,
      0,
      0,
      1,
      0,
      0,
      0,
      0,
      0,
      1
    ],
    [
      0,
      1,
      0,
      0,
      0,
      0,
      1,
      0,
      1,
      0,
      0,
      0,
      0,
      0,
      0,
      1
    ],
    [
      0,
      1,
      0,
      0,
      1,
      0,
      0,
      0,
      0,
      0,
      -1,
      0,
      0,
      0,
      0,
      1
    ],
    [
      0,
      1,
      0,
      0,
      0,
      0,
      -1,
      0,
      -1,
      0,
      0,
      0,
      0,
      0,
      0,
      1
    ],
    [
      0,
      1,
      0,
      0,
      -1,
      0,
      0,
      0,
      0,
      0,
      1,
      0,
      0,
      0,
      0,
      1
    ],
    [
      0,
      0,
      1,
      0,
      1,
      0,
      0,
      0,
      0,
      1,
      0,
      0,
      0,
      0,
      0,
      1
    ],
    [
      0,
      0,
      1,
      0,
      0,
      1,
      0,
      0,
      -1,
      0,
      0,
      0,
      0,
      0,
      0,
      1
    ],
    [
      0,
      0,
      1,
      0,
      -1,
      0,
      0,
      0,
      0,
      -1,
      0,
      0,
      0,
      0,
      0,
      1
    ],
    [
      0,
      0,
      1,
      0,
      0,
      -1,
      0,
      0,
      1,
      0,
      0,
      0,
      0,
      0,
      0,
      1
    ],
    [
      -1,
      0,
      0,
      0,
      0,
      -1,
      0,
      0,
      0,
      0,
      1,
      0,
      0,
      0,
      0,
      1
    ],
    [
      -1,
      0,
      0,
      0,
      0,
      0,
      1,
      0,
      0,
      1,
      0,
      0,
      0,
      0,
      0,
      1
    ],
    [
      -1,
      0,
      0,
      0,
      0,
      1,
      0,
      0,
      0,
      0,
      -1,
      0,
      0,
      0,
      0,
      1
    ],
    [
      -1,
      0,
      0,
      0,
      0,
      0,
      -1,
      0,
      0,
      -1,
      0,
      0,
      0,
      0,
      0,
      1
    ],
    [
      0,
      -1,
      0,
      0,
      0,
      0,
      -1,
      0,
      1,
      0,
      0,
      0,
      0,
      0,
      0,
      1
    ],
    [
      0,
      -1,
      0,
      0,
      1,
      0,
      0,
      0,
      0,
      0,
      1,
      0,
      0,
      0,
      0,
      1
    ],
    [
      0,
      -1,
      0,
      0,
      0,
      0,
      1,
      0,
      -1,
      0,
      0,
      0,
      0,
      0,
      0,
      1
    ],
    [
      0,
      -1,
      0,
      0,
      -1,
      0,
      0,
      0,
      0,
      0,
      -1,
      0,
      0,
      0,
      0,
      1
    ],
    [
      0,
      0,
      -1,
      0,
      -1,
      0,
      0,
      0,
      0,
      1,
      0,
      0,
      0,
      0,
      0,
      1
    ],
    [
      0,
      0,
      -1,
      0,
      0,
      1,
      0,
      0,
      1,
      0,
      0,
      0,
      0,
      0,
      0,
      1
    ],
    [
      0,
      0,
      -1,
      0,
      1,
      0,
      0,
      0,
      0,
      -1,
      0,
      0,
      0,
      0,
      0,
      1
    ],
    [
      0,
      0,
      -1,
      0,
      0,
      -1,
      0,
      0,
      -1,
      0,
      0,
      0,
      0,
      0,
      0,
      1
    ]
  ],
  "polygons": true,
  "shapes": {
    "s23441654277165935": {
      "id": "s23441654277165935",
      "name": "ball",
      "vertices": [
        {
          "x": 0.5911954641342163,
          "y": 0,
          "z": 0
        },
        {
          "x": -0.5911954641342163,
          "y": 0,
          "z": 0
        },
        {
          "x": 0,
          "y": 0.5911954641342163,
          "z": 0
        },
        {
          "x": 0,
          "y": -0.5911954641342163,
          "z": 0
        },
        {
          "x": 0,
          "y": 0,
          "z": 0.5911954641342163
        },
        {
          "x": 0,
          "y": 0,
          "z": -0.5911954641342163
        }
      ],
      "faces": [
        {
          "vertices": [
            0,
            2,
            4
          ]
        },
        {
          "vertices": [
            0,
            5,
            2
          ]
        },
        {
          "vertices": [
            0,
            4,
            3
          ]
        },
        {
          "vertices": [
            1,
            4,
            2
          ]
        },
        {
          "vertices": [
            0,
            3,
            5
          ]
        },
        {
          "vertices": [
            1,
            2,
            5
          ]
        },
        {
          "vertices": [
            1,
            3,
            4
          ]
        },
        {
          "vertices": [
            1,
            5,
            3
          ]
        }
      ]
    },
    "s425707918413712": {
      "id": "s425707918413712",
      "orbit": "[[-1,-1,1,1],[0,-2,1,1]]",
      "length": "[1,0,0,1]",
      "vertices": [
        {
          "x": 5.835086345672607,
          "y": 2.9818572998046875,
          "z": 1.4089053869247437
        },
        {
          "x": 5.735085964202881,
          "y": 2.881857395172119,
          "z": 1.8089053630828857
        },
        {
          "x": 0.38717639446258545,
          "y": 0.4011183977127075,
          "z": 0.4303814172744751
        },
        {
          "x": 0.48717638850212097,
          "y": 0.5011183619499207,
          "z": 0.030381426215171814
        },
        {
          "x": 5.501752853393555,
          "y": 3.1818573474884033,
          "z": 1.942238688468933
        },
        {
          "x": 5.601752758026123,
          "y": 3.281857490539551,
          "z": 1.542238712310791
        },
        {
          "x": 0.7205097079277039,
          "y": 0.20111839473247528,
          "z": -0.10295190662145615
        },
        {
          "x": 0.6205097436904907,
          "y": 0.10111838579177856,
          "z": 0.29704809188842773
        }
      ],
      "faces": [
        {
          "vertices": [
            2,
            4,
            5,
            3
          ]
        },
        {
          "vertices": [
            0,
            6,
            3,
            5
          ]
        },
        {
          "vertices": [
            0,
            1,
            7,
            6
          ]
        },
        {
          "vertices": [
            1,
            4,
            2,
            7
          ]
        },
        {
          "vertices": [
            2,
            3,
            6,
            7
          ]
        },
        {
          "vertices": [
            0,
            5,
            4,
            1
          ]
        }
      ]
    },
    "s03428461835118024": {
      "id": "s03428461835118024",
      "orbit": "[[0,-1,1,2],[0,1,-1,2]]",
      "length": "[1,0,0,1]",
      "vertices": [
        {
          "x": 3.393733263015747,
          "y": 2.390793561935425,
          "z": 2.2241270542144775
        },
        {
          "x": 3.2937333583831787,
          "y": 2.2907936573028564,
          "z": 2.62412691116333
        },
        {
          "x": 0.2848402261734009,
          "y": 0.4484931230545044,
          "z": 0.6151597499847412
        },
        {
          "x": 0.3848402202129364,
          "y": 0.5484930872917175,
          "z": 0.21515977382659912
        },
        {
          "x": 3.0604000091552734,
          "y": 2.5907936096191406,
          "z": 2.757460355758667
        },
        {
          "x": 3.160399913787842,
          "y": 2.690793752670288,
          "z": 2.3574602603912354
        },
        {
          "x": 0.6181735396385193,
          "y": 0.24849310517311096,
          "z": 0.08182644844055176
        },
        {
          "x": 0.5181735754013062,
          "y": 0.14849311113357544,
          "z": 0.48182645440101624
        }
      ],
      "faces": [
        {
          "vertices": [
            2,
            4,
            5,
            3
          ]
        },
        {
          "vertices": [
            0,
            6,
            3,
            5
          ]
        },
        {
          "vertices": [
            0,
            1,
            7,
            6
          ]
        },
        {
          "vertices": [
            1,
            4,
            2,
            7
          ]
        },
        {
          "vertices": [
            2,
            3,
            6,
            7
          ]
        },
        {
          "vertices": [
            0,
            5,
            4,
            1
          ]
        }
      ]
    },
    "s6329677641673019": {
      "id": "s6329677641673019",
      "orbit": "[[0,2,-1,1],[0,0,0,1]]",
      "length": "[1,0,0,1]",
      "vertices": [
        {
          "x": 4.709442138671875,
          "y": 1.242834210395813,
          "z": -0.2666666805744171
        },
        {
          "x": 4.609442234039307,
          "y": 1.142834186553955,
          "z": 0.13333334028720856
        },
        {
          "x": 0.5128204226493835,
          "y": 0.3008548617362976,
          "z": 0.2666666805744171
        },
        {
          "x": 0.6128204464912415,
          "y": 0.40085485577583313,
          "z": -0.13333334028720856
        },
        {
          "x": 4.376108646392822,
          "y": 1.4428341388702393,
          "z": 0.2666666805744171
        },
        {
          "x": 4.476108551025391,
          "y": 1.5428341627120972,
          "z": -0.13333334028720856
        },
        {
          "x": 0.846153736114502,
          "y": 0.10085485130548477,
          "z": -0.2666666805744171
        },
        {
          "x": 0.7461537718772888,
          "y": 0.0008548498735763133,
          "z": 0.13333334028720856
        }
      ],
      "faces": [
        {
          "vertices": [
            2,
            4,
            5,
            3
          ]
        },
        {
          "vertices": [
            0,
            6,
            3,
            5
          ]
        },
        {
          "vertices": [
            0,
            1,
            7,
            6
          ]
        },
        {
          "vertices": [
            1,
            4,
            2,
            7
          ]
        },
        {
          "vertices": [
            2,
            3,
            6,
            7
          ]
        },
        {
          "vertices": [
            0,
            5,
            4,
            1
          ]
        }
      ]
    },
    "s9977195229721001": {
      "id": "s9977195229721001",
      "orbit": "[[1,2,-1,2],[-1,2,-1,2]]",
      "length": "[1,0,0,1]",
      "vertices": [
        {
          "x": 4.026616096496582,
          "y": 2.4004709720611572,
          "z": 1.092811942100525
        },
        {
          "x": 3.9266161918640137,
          "y": 2.3004708290100098,
          "z": 1.492811918258667
        },
        {
          "x": 0.3563596308231354,
          "y": 0.4388158619403839,
          "z": 0.4508771300315857
        },
        {
          "x": 0.4563596546649933,
          "y": 0.5388158559799194,
          "z": 0.050877124071121216
        },
        {
          "x": 3.6932828426361084,
          "y": 2.600471019744873,
          "z": 1.6261452436447144
        },
        {
          "x": 3.7932827472686768,
          "y": 2.7004709243774414,
          "z": 1.2261452674865723
        },
        {
          "x": 0.6896929740905762,
          "y": 0.23881584405899048,
          "z": -0.08245620876550674
        },
        {
          "x": 0.5896929502487183,
          "y": 0.13881585001945496,
          "z": 0.31754377484321594
        }
      ],
      "faces": [
        {
          "vertices": [
            2,
            4,
            5,
            3
          ]
        },
        {
          "vertices": [
            0,
            6,
            3,
            5
          ]
        },
        {
          "vertices": [
            0,
            1,
            7,
            6
          ]
        },
        {
          "vertices": [
            1,
            4,
            2,
            7
          ]
        },
        {
          "vertices": [
            2,
            3,
            6,
            7
          ]
        },
        {
          "vertices": [
            0,
            5,
            4,
            1
          ]
        }
      ]
    },
    "s3408844872035173": {
      "id": "s3408844872035173",
      "vertices": [
        {
          "x": 0,
          "y": 0,
          "z": 0
        },
        {
          "x": 0,
          "y": 5.222262382507324,
          "z": 1.5436890125274658
        },
        {
          "x": 0,
          "y": 3.6785736083984375,
          "z": 6.765951633453369
        },
        {
          "x": 0,
          "y": -1.5436890125274658,
          "z": 5.222262382507324
        }
      ],
      "faces": [
        {
          "vertices": [
            0,
            1,
            2,
            3
          ]
        },
        {
          "vertices": [
            0,
            3,
            2,
            1
          ]
        }
      ]
    },
    "s14466659638992718": {
      "id": "s14466659638992718",
      "vertices": [
        {
          "x": 0,
          "y": 0,
          "z": 0
        },
        {
          "x": 2.8392868041992188,
          "y": -4.3829755783081055,
          "z": 1.5436890125274658
        },
        {
          "x": 4.3829755783081055,
          "y": -1.5436890125274658,
          "z": -2.8392868041992188
        }
      ],
      "faces": [
        {
          "vertices": [
            0,
            1,
            2
          ]
        },
        {
          "vertices": [
            0,
            2,
            1
          ]
        }
      ]
    },
    "s12052097628361014": {
      "id": "s12052097628361014",
      "vertices": [
        {
          "x": 0,
          "y": 0,
          "z": 0
        },
        {
          "x": -4.3829755783081055,
          "y": 1.5436890125274658,
          "z": 2.8392868041992188
        },
        {
          "x": -1.5436890125274658,
          "y": -2.8392868041992188,
          "z": 4.3829755783081055
        }
      ],
      "faces": [
        {
          "vertices": [
            0,
            1,
            2
          ]
        },
        {
          "vertices": [
            0,
            2,
            1
          ]
        }
      ]
    },
    "s7174938835469005": {
      "id": "s7174938835469005",
      "orbit": "[[0,-1,1,2],[0,1,-1,2]]",
      "length": "[0,1,0,1]",
      "vertices": [
        {
          "x": 6.481111526489258,
          "y": 4.773769378662109,
          "z": 4.607102870941162
        },
        {
          "x": 6.381111145019531,
          "y": 4.673769474029541,
          "z": 5.007102966308594
        },
        {
          "x": 0.2848402261734009,
          "y": 0.4484931230545044,
          "z": 0.6151597499847412
        },
        {
          "x": 0.3848402202129364,
          "y": 0.5484930872917175,
          "z": 0.21515977382659912
        },
        {
          "x": 6.147778034210205,
          "y": 4.973769187927246,
          "z": 5.140436172485352
        },
        {
          "x": 6.247777938842773,
          "y": 5.073769569396973,
          "z": 4.74043607711792
        },
        {
          "x": 0.6181735396385193,
          "y": 0.24849310517311096,
          "z": 0.08182644844055176
        },
        {
          "x": 0.5181735754013062,
          "y": 0.14849311113357544,
          "z": 0.48182645440101624
        }
      ],
      "faces": [
        {
          "vertices": [
            2,
            4,
            5,
            3
          ]
        },
        {
          "vertices": [
            0,
            6,
            3,
            5
          ]
        },
        {
          "vertices": [
            0,
            1,
            7,
            6
          ]
        },
        {
          "vertices": [
            1,
            4,
            2,
            7
          ]
        },
        {
          "vertices": [
            2,
            3,
            6,
            7
          ]
        },
        {
          "vertices": [
            0,
            5,
            4,
            1
          ]
        }
      ]
    },
    "s9247101591488662": {
      "id": "s9247101591488662",
      "orbit": "[[0,2,-1,1],[0,0,0,1]]",
      "length": "[0,1,0,1]",
      "vertices": [
        {
          "x": 9.09241771697998,
          "y": 2.5384318828582764,
          "z": -0.2666666805744171
        },
        {
          "x": 8.99241828918457,
          "y": 2.438431978225708,
          "z": 0.13333334028720856
        },
        {
          "x": 0.5128204226493835,
          "y": 0.3008548617362976,
          "z": 0.2666666805744171
        },
        {
          "x": 0.6128204464912415,
          "y": 0.40085485577583313,
          "z": -0.13333334028720856
        },
        {
          "x": 8.759084701538086,
          "y": 2.738431930541992,
          "z": 0.2666666805744171
        },
        {
          "x": 8.859084129333496,
          "y": 2.8384318351745605,
          "z": -0.13333334028720856
        },
        {
          "x": 0.846153736114502,
          "y": 0.10085485130548477,
          "z": -0.2666666805744171
        },
        {
          "x": 0.7461537718772888,
          "y": 0.0008548498735763133,
          "z": 0.13333334028720856
        }
      ],
      "faces": [
        {
          "vertices": [
            2,
            4,
            5,
            3
          ]
        },
        {
          "vertices": [
            0,
            6,
            3,
            5
          ]
        },
        {
          "vertices": [
            0,
            1,
            7,
            6
          ]
        },
        {
          "vertices": [
            1,
            4,
            2,
            7
          ]
        },
        {
          "vertices": [
            2,
            3,
            6,
            7
          ]
        },
        {
          "vertices": [
            0,
            5,
            4,
            1
          ]
        }
      ]
    },
    "s4216030115298337": {
      "id": "s4216030115298337",
      "orbit": "[[1,2,-1,2],[-1,2,-1,2]]",
      "length": "[0,1,0,1]",
      "vertices": [
        {
          "x": 7.7051897048950195,
          "y": 4.783446788787842,
          "z": 2.3884096145629883
        },
        {
          "x": 7.605189800262451,
          "y": 4.683446884155273,
          "z": 2.78840970993042
        },
        {
          "x": 0.3563596308231354,
          "y": 0.4388158619403839,
          "z": 0.4508771300315857
        },
        {
          "x": 0.4563596546649933,
          "y": 0.5388158559799194,
          "z": 0.050877124071121216
        },
        {
          "x": 7.371856212615967,
          "y": 4.9834465980529785,
          "z": 2.9217429161071777
        },
        {
          "x": 7.471856117248535,
          "y": 5.083446502685547,
          "z": 2.521743059158325
        },
        {
          "x": 0.6896929740905762,
          "y": 0.23881584405899048,
          "z": -0.08245620876550674
        },
        {
          "x": 0.5896929502487183,
          "y": 0.13881585001945496,
          "z": 0.31754377484321594
        }
      ],
      "faces": [
        {
          "vertices": [
            2,
            4,
            5,
            3
          ]
        },
        {
          "vertices": [
            0,
            6,
            3,
            5
          ]
        },
        {
          "vertices": [
            0,
            1,
            7,
            6
          ]
        },
        {
          "vertices": [
            1,
            4,
            2,
            7
          ]
        },
        {
          "vertices": [
            2,
            3,
            6,
            7
          ]
        },
        {
          "vertices": [
            0,
            5,
            4,
            1
          ]
        }
      ]
    },
    "s22361829477766149": {
      "id": "s22361829477766149",
      "vertices": [
        {
          "x": 0,
          "y": 0,
          "z": 0
        },
        {
          "x": 5.222262382507324,
          "y": -8.061549186706543,
          "z": 2.8392868041992188
        },
        {
          "x": 8.061549186706543,
          "y": -2.8392868041992188,
          "z": -5.222262382507324
        }
      ],
      "faces": [
        {
          "vertices": [
            0,
            1,
            2
          ]
        },
        {
          "vertices": [
            0,
            2,
            1
          ]
        }
      ]
    },
    "s14601859991131705": {
      "id": "s14601859991131705",
      "vertices": [
        {
          "x": 0,
          "y": 0,
          "z": 0
        },
        {
          "x": -8.061549186706543,
          "y": 2.8392868041992188,
          "z": 5.222262382507324
        },
        {
          "x": -2.8392868041992188,
          "y": -5.222262382507324,
          "z": 8.061549186706543
        }
      ],
      "faces": [
        {
          "vertices": [
            0,
            1,
            2
          ]
        },
        {
          "vertices": [
            0,
            2,
            1
          ]
        }
      ]
    },
    "s6720059281138211": {
      "id": "s6720059281138211",
      "vertices": [
        {
          "x": 0,
          "y": 0,
          "z": 0
        },
        {
          "x": -8.061549186706543,
          "y": 5.222262382507324,
          "z": 2.8392868041992188
        },
        {
          "x": -5.222262382507324,
          "y": -2.8392868041992188,
          "z": 8.061549186706543
        }
      ],
      "faces": [
        {
          "vertices": [
            0,
            1,
            2
          ]
        },
        {
          "vertices": [
            0,
            2,
            1
          ]
        }
      ]
    },
    "s13879976900878255": {
      "id": "s13879976900878255",
      "vertices": [
        {
          "x": 0,
          "y": 0,
          "z": 0
        },
        {
          "x": 2.8392868041992188,
          "y": -8.061549186706543,
          "z": 5.222262382507324
        },
        {
          "x": 8.061549186706543,
          "y": -5.222262382507324,
          "z": -2.8392868041992188
        }
      ],
      "faces": [
        {
          "vertices": [
            0,
            1,
            2
          ]
        },
        {
          "vertices": [
            0,
            2,
            1
          ]
        }
      ]
    },
    "s46212464483016946": {
      "id": "s46212464483016946",
      "vertices": [
        {
          "x": 0,
          "y": 0,
          "z": 0
        },
        {
          "x": 5.222262382507324,
          "y": 2.8392868041992188,
          "z": -8.061549186706543
        },
        {
          "x": -2.8392868041992188,
          "y": 8.061549186706543,
          "z": -5.222262382507324
        }
      ],
      "faces": [
        {
          "vertices": [
            0,
            1,
            2
          ]
        },
        {
          "vertices": [
            0,
            2,
            1
          ]
        }
      ]
    },
    "s5473734096959317": {
      "id": "s5473734096959317",
      "vertices": [
        {
          "x": 0,
          "y": 0,
          "z": 0
        },
        {
          "x": 2.8392868041992188,
          "y": 5.222262382507324,
          "z": -8.061549186706543
        },
        {
          "x": -5.222262382507324,
          "y": 8.061549186706543,
          "z": -2.8392868041992188
        }
      ],
      "faces": [
        {
          "vertices": [
            0,
            1,
            2
          ]
        },
        {
          "vertices": [
            0,
            2,
            1
          ]
        }
      ]
    },
    "s7588823085455751": {
      "id": "s7588823085455751",
      "vertices": [
        {
          "x": 0,
          "y": 0,
          "z": 0
        },
        {
          "x": 8.061549186706543,
          "y": -2.8392868041992188,
          "z": -5.222262382507324
        },
        {
          "x": 2.8392868041992188,
          "y": 5.222262382507324,
          "z": -8.061549186706543
        }
      ],
      "faces": [
        {
          "vertices": [
            0,
            1,
            2
          ]
        },
        {
          "vertices": [
            0,
            2,
            1
          ]
        }
      ]
    },
    "s04987075149997788": {
      "id": "s04987075149997788",
      "vertices": [
        {
          "x": 0,
          "y": 0,
          "z": 0
        },
        {
          "x": -5.222262382507324,
          "y": 8.061549186706543,
          "z": -2.8392868041992188
        },
        {
          "x": -8.061549186706543,
          "y": 2.8392868041992188,
          "z": 5.222262382507324
        }
      ],
      "faces": [
        {
          "vertices": [
            0,
            1,
            2
          ]
        },
        {
          "vertices": [
            0,
            2,
            1
          ]
        }
      ]
    },
    "s2606339110257898": {
      "id": "s2606339110257898",
      "vertices": [
        {
          "x": 0,
          "y": 0,
          "z": 0
        },
        {
          "x": -2.8392868041992188,
          "y": -5.222262382507324,
          "z": 8.061549186706543
        },
        {
          "x": 5.222262382507324,
          "y": -8.061549186706543,
          "z": 2.8392868041992188
        }
      ],
      "faces": [
        {
          "vertices": [
            0,
            1,
            2
          ]
        },
        {
          "vertices": [
            0,
            2,
            1
          ]
        }
      ]
    },
    "s36700538450419806": {
      "id": "s36700538450419806",
      "vertices": [
        {
          "x": 0,
          "y": 0,
          "z": 0
        },
        {
          "x": -2.8392868041992188,
          "y": 8.061549186706543,
          "z": -5.222262382507324
        },
        {
          "x": -8.061549186706543,
          "y": 5.222262382507324,
          "z": 2.8392868041992188
        }
      ],
      "faces": [
        {
          "vertices": [
            0,
            1,
            2
          ]
        },
        {
          "vertices": [
            0,
            2,
            1
          ]
        }
      ]
    },
    "s4175195415338686": {
      "id": "s4175195415338686",
      "vertices": [
        {
          "x": 0,
          "y": 0,
          "z": 0
        },
        {
          "x": -5.222262382507324,
          "y": -2.8392868041992188,
          "z": 8.061549186706543
        },
        {
          "x": 2.8392868041992188,
          "y": -8.061549186706543,
          "z": 5.222262382507324
        }
      ],
      "faces": [
        {
          "vertices": [
            0,
            1,
            2
          ]
        },
        {
          "vertices": [
            0,
            2,
            1
          ]
        }
      ]
    },
    "s16466109872272083": {
      "id": "s16466109872272083",
      "vertices": [
        {
          "x": 0,
          "y": 0,
          "z": 0
        },
        {
          "x": 8.061549186706543,
          "y": -5.222262382507324,
          "z": -2.8392868041992188
        },
        {
          "x": 5.222262382507324,
          "y": 2.8392868041992188,
          "z": -8.061549186706543
        }
      ],
      "faces": [
        {
          "vertices": [
            0,
            1,
            2
          ]
        },
        {
          "vertices": [
            0,
            2,
            1
          ]
        }
      ]
    },
    "s9921767927050051": {
      "id": "s9921767927050051",
      "orbit": "[[0,0,0,1],[0,0,0,1]]",
      "length": "[-2,2,0,1]",
      "vertices": [
        {
          "x": 9.81119155883789,
          "y": -0.10000000149011612,
          "z": -0.2666666805744171
        },
        {
          "x": 9.71119213104248,
          "y": -0.20000000298023224,
          "z": 0.13333334028720856
        },
        {
          "x": 0.6333333253860474,
          "y": 0.10000000149011612,
          "z": 0.2666666805744171
        },
        {
          "x": 0.7333333492279053,
          "y": 0.20000000298023224,
          "z": -0.13333334028720856
        },
        {
          "x": 9.477858543395996,
          "y": 0.10000000149011612,
          "z": 0.2666666805744171
        },
        {
          "x": 9.577857971191406,
          "y": 0.20000000298023224,
          "z": -0.13333334028720856
        },
        {
          "x": 0.9666666388511658,
          "y": -0.10000000149011612,
          "z": -0.2666666805744171
        },
        {
          "x": 0.8666666746139526,
          "y": -0.20000000298023224,
          "z": 0.13333334028720856
        }
      ],
      "faces": [
        {
          "vertices": [
            2,
            4,
            5,
            3
          ]
        },
        {
          "vertices": [
            0,
            6,
            3,
            5
          ]
        },
        {
          "vertices": [
            0,
            1,
            7,
            6
          ]
        },
        {
          "vertices": [
            1,
            4,
            2,
            7
          ]
        },
        {
          "vertices": [
            2,
            3,
            6,
            7
          ]
        },
        {
          "vertices": [
            0,
            5,
            4,
            1
          ]
        }
      ]
    },
    "s8118456232534303": {
      "id": "s8118456232534303",
      "vertices": [
        {
          "x": 0,
          "y": 0,
          "z": 0
        },
        {
          "x": -8.061549186706543,
          "y": -5.222262382507324,
          "z": 2.8392868041992188
        },
        {
          "x": 0,
          "y": -10.444524765014648,
          "z": 0
        }
      ],
      "faces": [
        {
          "vertices": [
            0,
            1,
            2
          ]
        },
        {
          "vertices": [
            0,
            2,
            1
          ]
        }
      ]
    },
    "s16373211387949094": {
      "id": "s16373211387949094",
      "vertices": [
        {
          "x": 0,
          "y": 0,
          "z": 0
        },
        {
          "x": 8.061549186706543,
          "y": 5.222262382507324,
          "z": 2.8392868041992188
        },
        {
          "x": -5.222262382507324,
          "y": 5.222262382507324,
          "z": -6.765951633453369
        }
      ],
      "faces": [
        {
          "vertices": [
            0,
            1,
            2
          ]
        },
        {
          "vertices": [
            0,
            2,
            1
          ]
        }
      ]
    },
    "s9136889005528608": {
      "id": "s9136889005528608",
      "vertices": [
        {
          "x": 0,
          "y": 0,
          "z": 0
        },
        {
          "x": -2.8392868041992188,
          "y": 5.222262382507324,
          "z": -8.061549186706543
        },
        {
          "x": 10.444524765014648,
          "y": 0,
          "z": 0
        }
      ],
      "faces": [
        {
          "vertices": [
            0,
            1,
            2
          ]
        },
        {
          "vertices": [
            0,
            2,
            1
          ]
        }
      ]
    },
    "s47926433734908747": {
      "id": "s47926433734908747",
      "vertices": [
        {
          "x": 0,
          "y": 0,
          "z": 0
        },
        {
          "x": 0,
          "y": 10.444524765014648,
          "z": 0
        },
        {
          "x": -8.061549186706543,
          "y": 5.222262382507324,
          "z": 2.8392868041992188
        }
      ],
      "faces": [
        {
          "vertices": [
            0,
            1,
            2
          ]
        },
        {
          "vertices": [
            0,
            2,
            1
          ]
        }
      ]
    },
    "s7680644289091427": {
      "id": "s7680644289091427",
      "vertices": [
        {
          "x": 0,
          "y": 0,
          "z": 0
        },
        {
          "x": 8.061549186706543,
          "y": -5.222262382507324,
          "z": -2.8392868041992188
        },
        {
          "x": 8.061549186706543,
          "y": 5.222262382507324,
          "z": -2.8392868041992188
        }
      ],
      "faces": [
        {
          "vertices": [
            0,
            1,
            2
          ]
        },
        {
          "vertices": [
            0,
            2,
            1
          ]
        }
      ]
    },
    "s6736050162616956": {
      "id": "s6736050162616956",
      "vertices": [
        {
          "x": 0,
          "y": 0,
          "z": 0
        },
        {
          "x": -5.222262382507324,
          "y": 6.765951633453369,
          "z": -5.222262382507324
        },
        {
          "x": 0,
          "y": 0,
          "z": -10.444524765014648
        }
      ],
      "faces": [
        {
          "vertices": [
            0,
            1,
            2
          ]
        },
        {
          "vertices": [
            0,
            2,
            1
          ]
        }
      ]
    },
    "s7145517536495678": {
      "id": "s7145517536495678",
      "vertices": [
        {
          "x": 0,
          "y": 0,
          "z": 0
        },
        {
          "x": 0,
          "y": 0,
          "z": -10.444524765014648
        },
        {
          "x": 5.222262382507324,
          "y": -6.765951633453369,
          "z": -5.222262382507324
        }
      ],
      "faces": [
        {
          "vertices": [
            0,
            1,
            2
          ]
        },
        {
          "vertices": [
            0,
            2,
            1
          ]
        }
      ]
    },
    "s10346823969509633": {
      "id": "s10346823969509633",
      "vertices": [
        {
          "x": 0,
          "y": 0,
          "z": 0
        },
        {
          "x": 5.222262382507324,
          "y": -8.061549186706543,
          "z": 2.8392868041992188
        },
        {
          "x": 0,
          "y": -2.8392868041992188,
          "z": 9.60523796081543
        }
      ],
      "faces": [
        {
          "vertices": [
            0,
            1,
            2
          ]
        },
        {
          "vertices": [
            0,
            2,
            1
          ]
        }
      ]
    },
    "s4284426753040711": {
      "id": "s4284426753040711",
      "vertices": [
        {
          "x": 0,
          "y": 0,
          "z": 0
        },
        {
          "x": -5.222262382507324,
          "y": 8.061549186706543,
          "z": -2.8392868041992188
        },
        {
          "x": 0,
          "y": 2.8392868041992188,
          "z": -9.60523796081543
        }
      ],
      "faces": [
        {
          "vertices": [
            0,
            1,
            2
          ]
        },
        {
          "vertices": [
            0,
            2,
            1
          ]
        }
      ]
    },
    "s8717679121604245": {
      "id": "s8717679121604245",
      "vertices": [
        {
          "x": 0,
          "y": 0,
          "z": 0
        },
        {
          "x": -5.222262382507324,
          "y": 8.061549186706543,
          "z": -2.8392868041992188
        },
        {
          "x": -5.222262382507324,
          "y": 5.222262382507324,
          "z": 6.765951633453369
        }
      ],
      "faces": [
        {
          "vertices": [
            0,
            1,
            2
          ]
        },
        {
          "vertices": [
            0,
            2,
            1
          ]
        }
      ]
    },
    "s07162787782028102": {
      "id": "s07162787782028102",
      "vertices": [
        {
          "x": 0,
          "y": 0,
          "z": 0
        },
        {
          "x": 5.222262382507324,
          "y": -8.061549186706543,
          "z": 2.8392868041992188
        },
        {
          "x": 5.222262382507324,
          "y": -5.222262382507324,
          "z": -6.765951633453369
        }
      ],
      "faces": [
        {
          "vertices": [
            0,
            1,
            2
          ]
        },
        {
          "vertices": [
            0,
            2,
            1
          ]
        }
      ]
    },
    "s29916375816737806": {
      "id": "s29916375816737806",
      "vertices": [
        {
          "x": 0,
          "y": 0,
          "z": 0
        },
        {
          "x": 5.222262382507324,
          "y": -6.765951633453369,
          "z": -5.222262382507324
        },
        {
          "x": 5.222262382507324,
          "y": -6.765951633453369,
          "z": 5.222262382507324
        }
      ],
      "faces": [
        {
          "vertices": [
            0,
            1,
            2
          ]
        },
        {
          "vertices": [
            0,
            2,
            1
          ]
        }
      ]
    },
    "s4470751045027441": {
      "id": "s4470751045027441",
      "vertices": [
        {
          "x": 0,
          "y": 0,
          "z": 0
        },
        {
          "x": 5.222262382507324,
          "y": -6.765951633453369,
          "z": 5.222262382507324
        },
        {
          "x": 0,
          "y": 0,
          "z": 10.444524765014648
        }
      ],
      "faces": [
        {
          "vertices": [
            0,
            1,
            2
          ]
        },
        {
          "vertices": [
            0,
            2,
            1
          ]
        }
      ]
    },
    "s5310446906846178": {
      "id": "s5310446906846178",
      "vertices": [
        {
          "x": 0,
          "y": 0,
          "z": 0
        },
        {
          "x": -5.222262382507324,
          "y": 5.222262382507324,
          "z": 6.765951633453369
        },
        {
          "x": -5.222262382507324,
          "y": 8.061549186706543,
