{
  "polygons" : "true",
  "field" : "snubDodec",
  "symmetry" : "icosahedral",
  "orientations" : [ [ 1.0, 0.0, 0.0, 0.0, 0.0, 1.0, 0.0, 0.0, 0.0, 0.0, 1.0, 0.0, 0.0, 0.0, 0.0, 1.0 ], [ 0.0, 0.0, 1.0, 0.0, 1.0, 0.0, 0.0, 0.0, 0.0, 1.0, 0.0, 0.0, 0.0, 0.0, 0.0, 1.0 ], [ 0.0, 1.0, 0.0, 0.0, 0.0, 0.0, 1.0, 0.0, 1.0, 0.0, 0.0, 0.0, 0.0, 0.0, 0.0, 1.0 ], [ 0.809017, 0.309017, 0.5, 0.0, 0.309017, 0.5, -0.809017, 0.0, -0.5, 0.809017, 0.309017, 0.0, 0.0, 0.0, 0.0, 1.0 ], [ -0.5, 0.809017, 0.309017, 0.0, 0.809017, 0.309017, 0.5, 0.0, 0.309017, 0.5, -0.809017, 0.0, 0.0, 0.0, 0.0, 1.0 ], [ 0.309017, 0.5, -0.809017, 0.0, -0.5, 0.809017, 0.309017, 0.0, 0.809017, 0.309017, 0.5, 0.0, 0.0, 0.0, 0.0, 1.0 ], [ 0.5, 0.809017, 0.309017, 0.0, 0.809017, -0.309017, -0.5, 0.0, -0.309017, 0.5, -0.809017, 0.0, 0.0, 0.0, 0.0, 1.0 ], [ -0.309017, 0.5, -0.809017, 0.0, 0.5, 0.809017, 0.309017, 0.0, 0.809017, -0.309017, -0.5, 0.0, 0.0, 0.0, 0.0, 1.0 ], [ 0.809017, -0.309017, -0.5, 0.0, -0.309017, 0.5, -0.809017, 0.0, 0.5, 0.809017, 0.309017, 0.0, 0.0, 0.0, 0.0, 1.0 ], [ 0.5, 0.809017, -0.309017, 0.0, 0.809017, -0.309017, 0.5, 0.0, 0.309017, -0.5, -0.809017, 0.0, 0.0, 0.0, 0.0, 1.0 ], [ 0.309017, -0.5, -0.809017, 0.0, 0.5, 0.809017, -0.309017, 0.0, 0.809017, -0.309017, 0.5, 0.0, 0.0, 0.0, 0.0, 1.0 ], [ 0.809017, -0.309017, 0.5, 0.0, 0.309017, -0.5, -0.809017, 0.0, 0.5, 0.809017, -0.309017, 0.0, 0.0, 0.0, 0.0, 1.0 ], [ 0.809017, 0.309017, -0.5, 0.0, 0.309017, 0.5, 0.809017, 0.0, 0.5, -0.809017, 0.309017, 0.0, 0.0, 0.0, 0.0, 1.0 ], [ 0.5, -0.809017, 0.309017, 0.0, 0.809017, 0.309017, -0.5, 0.0, 0.309017, 0.5, 0.809017, 0.0, 0.0, 0.0, 0.0, 1.0 ], [ 0.309017, 0.5, 0.809017, 0.0, 0.5, -0.809017, 0.309017, 0.0, 0.809017, 0.309017, -0.5, 0.0, 0.0, 0.0, 0.0, 1.0 ], [ 1.0, 0.0, 0.0, 0.0, 0.0, -1.0, 0.0, 0.0, 0.0, 0.0, -1.0, 0.0, 0.0, 0.0, 0.0, 1.0 ], [ 0.0, 0.0, 1.0, 0.0, -1.0, 0.0, 0.0, 0.0, 0.0, -1.0, 0.0, 0.0, 0.0, 0.0, 0.0, 1.0 ], [ 0.0, 1.0, 0.0, 0.0, 0.0, 0.0, -1.0, 0.0, -1.0, 0.0, 0.0, 0.0, 0.0, 0.0, 0.0, 1.0 ], [ 0.809017, 0.309017, 0.5, 0.0, -0.309017, -0.5, 0.809017, 0.0, 0.5, -0.809017, -0.309017, 0.0, 0.0, 0.0, 0.0, 1.0 ], [ -0.5, 0.809017, 0.309017, 0.0, -0.809017, -0.309017, -0.5, 0.0, -0.309017, -0.5, 0.809017, 0.0, 0.0, 0.0, 0.0, 1.0 ], [ 0.309017, 0.5, -0.809017, 0.0, 0.5, -0.809017, -0.309017, 0.0, -0.809017, -0.309017, -0.5, 0.0, 0.0, 0.0, 0.0, 1.0 ], [ 0.5, 0.809017, 0.309017, 0.0, -0.809017, 0.309017, 0.5, 0.0, 0.309017, -0.5, 0.809017, 0.0, 0.0, 0.0, 0.0, 1.0 ], [ -0.309017, 0.5, -0.809017, 0.0, -0.5, -0.809017, -0.309017, 0.0, -0.809017, 0.309017, 0.5, 0.0, 0.0, 0.0, 0.0, 1.0 ], [ 0.809017, -0.309017, -0.5, 0.0, 0.309017, -0.5, 0.809017, 0.0, -0.5, -0.809017, -0.309017, 0.0, 0.0, 0.0, 0.0, 1.0 ], [ 0.5, 0.809017, -0.309017, 0.0, -0.809017, 0.309017, -0.5, 0.0, -0.309017, 0.5, 0.809017, 0.0, 0.0, 0.0, 0.0, 1.0 ], [ 0.309017, -0.5, -0.809017, 0.0, -0.5, -0.809017, 0.309017, 0.0, -0.809017, 0.309017, -0.5, 0.0, 0.0, 0.0, 0.0, 1.0 ], [ 0.809017, -0.309017, 0.5, 0.0, -0.309017, 0.5, 0.809017, 0.0, -0.5, -0.809017, 0.309017, 0.0, 0.0, 0.0, 0.0, 1.0 ], [ 0.809017, 0.309017, -0.5, 0.0, -0.309017, -0.5, -0.809017, 0.0, -0.5, 0.809017, -0.309017, 0.0, 0.0, 0.0, 0.0, 1.0 ], [ 0.5, -0.809017, 0.309017, 0.0, -0.809017, -0.309017, 0.5, 0.0, -0.309017, -0.5, -0.809017, 0.0, 0.0, 0.0, 0.0, 1.0 ], [ 0.309017, 0.5, 0.809017, 0.0, -0.5, 0.809017, -0.309017, 0.0, -0.809017, -0.309017, 0.5, 0.0, 0.0, 0.0, 0.0, 1.0 ], [ -1.0, 0.0, 0.0, 0.0, 0.0, -1.0, 0.0, 0.0, 0.0, 0.0, 1.0, 0.0, 0.0, 0.0, 0.0, 1.0 ], [ 0.0, 0.0, -1.0, 0.0, -1.0, 0.0, 0.0, 0.0, 0.0, 1.0, 0.0, 0.0, 0.0, 0.0, 0.0, 1.0 ], [ 0.0, -1.0, 0.0, 0.0, 0.0, 0.0, -1.0, 0.0, 1.0, 0.0, 0.0, 0.0, 0.0, 0.0, 0.0, 1.0 ], [ -0.809017, -0.309017, -0.5, 0.0, -0.309017, -0.5, 0.809017, 0.0, -0.5, 0.809017, 0.309017, 0.0, 0.0, 0.0, 0.0, 1.0 ], [ 0.5, -0.809017, -0.309017, 0.0, -0.809017, -0.309017, -0.5, 0.0, 0.309017, 0.5, -0.809017, 0.0, 0.0, 0.0, 0.0, 1.0 ], [ -0.309017, -0.5, 0.809017, 0.0, 0.5, -0.809017, -0.309017, 0.0, 0.809017, 0.309017, 0.5, 0.0, 0.0, 0.0, 0.0, 1.0 ], [ -0.5, -0.809017, -0.309017, 0.0, -0.809017, 0.309017, 0.5, 0.0, -0.309017, 0.5, -0.809017, 0.0, 0.0, 0.0, 0.0, 1.0 ], [ 0.309017, -0.5, 0.809017, 0.0, -0.5, -0.809017, -0.309017, 0.0, 0.809017, -0.309017, -0.5, 0.0, 0.0, 0.0, 0.0, 1.0 ], [ -0.809017, 0.309017, 0.5, 0.0, 0.309017, -0.5, 0.809017, 0.0, 0.5, 0.809017, 0.309017, 0.0, 0.0, 0.0, 0.0, 1.0 ], [ -0.5, -0.809017, 0.309017, 0.0, -0.809017, 0.309017, -0.5, 0.0, 0.309017, -0.5, -0.809017, 0.0, 0.0, 0.0, 0.0, 1.0 ], [ -0.309017, 0.5, 0.809017, 0.0, -0.5, -0.809017, 0.309017, 0.0, 0.809017, -0.309017, 0.5, 0.0, 0.0, 0.0, 0.0, 1.0 ], [ -0.809017, 0.309017, -0.5, 0.0, -0.309017, 0.5, 0.809017, 0.0, 0.5, 0.809017, -0.309017, 0.0, 0.0, 0.0, 0.0, 1.0 ], [ -0.809017, -0.309017, 0.5, 0.0, -0.309017, -0.5, -0.809017, 0.0, 0.5, -0.809017, 0.309017, 0.0, 0.0, 0.0, 0.0, 1.0 ], [ -0.5, 0.809017, -0.309017, 0.0, -0.809017, -0.309017, 0.5, 0.0, 0.309017, 0.5, 0.809017, 0.0, 0.0, 0.0, 0.0, 1.0 ], [ -0.309017, -0.5, -0.809017, 0.0, -0.5, 0.809017, -0.309017, 0.0, 0.809017, 0.309017, -0.5, 0.0, 0.0, 0.0, 0.0, 1.0 ], [ -1.0, 0.0, 0.0, 0.0, 0.0, 1.0, 0.0, 0.0, 0.0, 0.0, -1.0, 0.0, 0.0, 0.0, 0.0, 1.0 ], [ 0.0, 0.0, -1.0, 0.0, 1.0, 0.0, 0.0, 0.0, 0.0, -1.0, 0.0, 0.0, 0.0, 0.0, 0.0, 1.0 ], [ 0.0, -1.0, 0.0, 0.0, 0.0, 0.0, 1.0, 0.0, -1.0, 0.0, 0.0, 0.0, 0.0, 0.0, 0.0, 1.0 ], [ -0.809017, -0.309017, -0.5, 0.0, 0.309017, 0.5, -0.809017, 0.0, 0.5, -0.809017, -0.309017, 0.0, 0.0, 0.0, 0.0, 1.0 ], [ 0.5, -0.809017, -0.309017, 0.0, 0.809017, 0.309017, 0.5, 0.0, -0.309017, -0.5, 0.809017, 0.0, 0.0, 0.0, 0.0, 1.0 ], [ -0.309017, -0.5, 0.809017, 0.0, -0.5, 0.809017, 0.309017, 0.0, -0.809017, -0.309017, -0.5, 0.0, 0.0, 0.0, 0.0, 1.0 ], [ -0.5, -0.809017, -0.309017, 0.0, 0.809017, -0.309017, -0.5, 0.0, 0.309017, -0.5, 0.809017, 0.0, 0.0, 0.0, 0.0, 1.0 ], [ 0.309017, -0.5, 0.809017, 0.0, 0.5, 0.809017, 0.309017, 0.0, -0.809017, 0.309017, 0.5, 0.0, 0.0, 0.0, 0.0, 1.0 ], [ -0.809017, 0.309017, 0.5, 0.0, -0.309017, 0.5, -0.809017, 0.0, -0.5, -0.809017, -0.309017, 0.0, 0.0, 0.0, 0.0, 1.0 ], [ -0.5, -0.809017, 0.309017, 0.0, 0.809017, -0.309017, 0.5, 0.0, -0.309017, 0.5, 0.809017, 0.0, 0.0, 0.0, 0.0, 1.0 ], [ -0.309017, 0.5, 0.809017, 0.0, 0.5, 0.809017, -0.309017, 0.0, -0.809017, 0.309017, -0.5, 0.0, 0.0, 0.0, 0.0, 1.0 ], [ -0.809017, 0.309017, -0.5, 0.0, 0.309017, -0.5, -0.809017, 0.0, -0.5, -0.809017, 0.309017, 0.0, 0.0, 0.0, 0.0, 1.0 ], [ -0.809017, -0.309017, 0.5, 0.0, 0.309017, 0.5, 0.809017, 0.0, -0.5, 0.809017, -0.309017, 0.0, 0.0, 0.0, 0.0, 1.0 ], [ -0.5, 0.809017, -0.309017, 0.0, 0.809017, 0.309017, -0.5, 0.0, -0.309017, -0.5, -0.809017, 0.0, 0.0, 0.0, 0.0, 1.0 ], [ -0.309017, -0.5, -0.809017, 0.0, 0.5, -0.809017, 0.309017, 0.0, -0.809017, -0.309017, 0.5, 0.0, 0.0, 0.0, 0.0, 1.0 ] ],
  "lights" : {
    "directionalLights" : [ {
      "direction" : [ 1.0, -1.0, -1.0 ],
      "color" : "#EBEBE4"
    }, {
      "direction" : [ -1.0, 0.0, 0.0 ],
      "color" : "#E4E4EB"
    }, {
      "direction" : [ 0.0, 0.0, -1.0 ],
      "color" : "#1E1E1E"
    } ],
    "backgroundColor" : "#AFC8DC",
    "ambientColor" : "#292929"
  },
  "camera" : {
    "width" : 48.92907,
    "position" : {
      "x" : -7.3663354,
      "y" : 16.850441,
      "z" : 107.16474
    },
    "nearClipDistance" : 0.27182817,
    "farClipDistance" : 217.46254,
    "upDirection" : {
      "x" : 0.21089405,
      "y" : 0.96776557,
      "z" : -0.13767353
    },
    "lookAtPoint" : {
      "x" : 0.0,
      "y" : 0.0,
      "z" : 0.0
    },
    "lookDirection" : {
      "x" : 0.067748085,
      "y" : -0.15497328,
      "z" : -0.98559266
    },
    "stereo" : false,
    "upDirectionRV" : {
      "x" : 0.21089405,
      "y" : 0.96776557,
      "z" : -0.13767353,
      "zero" : false
    },
    "fieldOfView" : 0.44262886,
    "viewDistance" : 108.73127,
    "perspective" : true,
    "lookAtPointRV" : {
      "x" : 0.0,
      "y" : 0.0,
      "z" : 0.0,
      "zero" : true
    },
    "lookDirectionRV" : {
      "x" : 0.067748085,
      "y" : -0.15497328,
      "z" : -0.98559266,
      "zero" : false
    }
  },
  "embedding" : [ 1.0, 0.0, 0.0, 0.0, 0.0, 1.0, 0.0, 0.0, 0.0, 0.0, 1.0, 0.0, 0.0, 0.0, 0.0, 1.0 ],
  "shapes" : [ {
    "id" : "5888161e-3f5f-4930-83cd-19bec9625a20",
    "vertices" : [ {
      "x" : 0.0,
      "y" : 0.0,
      "z" : 0.0
    }, {
      "x" : -2.6480305,
      "y" : 2.3378823,
      "z" : 0.0
    }, {
      "x" : -3.3294058,
      "y" : -1.1024884,
      "z" : 0.42111307
    } ],
    "faces" : [ {
      "vertices" : [ 0, 1, 2 ]
    }, {
      "vertices" : [ 0, 2, 1 ]
    } ]
  }, {
    "id" : "10e415cc-74f0-402c-93d4-4d880cd387a1",
    "vertices" : [ {
      "x" : 0.0,
      "y" : 0.0,
      "z" : 0.0
    }, {
      "x" : -0.68137527,
      "y" : -3.4403708,
      "z" : 0.42111307
    }, {
      "x" : 2.6480305,
      "y" : -2.3378823,
      "z" : 0.0
    } ],
    "faces" : [ {
      "vertices" : [ 0, 1, 2 ]
    }, {
      "vertices" : [ 0, 2, 1 ]
    } ]
  }, {
    "id" : "0420bd0c-49d6-451d-9001-d1e61144cb85",
    "vertices" : [ {
      "x" : 0.0,
      "y" : 0.0,
      "z" : 0.0
    }, {
      "x" : 0.8182864,
      "y" : -2.686766,
      "z" : 2.1423016
    }, {
      "x" : -0.42111307,
      "y" : -3.3294058,
      "z" : -1.1024884
    } ],
    "faces" : [ {
      "vertices" : [ 0, 1, 2 ]
    }, {
      "vertices" : [ 0, 2, 1 ]
    } ]
  }, {
    "id" : "90285d7e-f496-44bd-b2df-5706707ed209",
    "vertices" : [ {
      "x" : 0.0,
      "y" : 0.0,
      "z" : 0.0
    }, {
      "x" : -0.42111307,
      "y" : 0.68137527,
      "z" : 3.4403708
    }, {
      "x" : 1.1689411,
      "y" : -1.8913866,
      "z" : 5.2653046
    }, {
      "x" : 2.5727618,
      "y" : -4.162816,
      "z" : 2.9528048
    }, {
      "x" : 1.8503165,
      "y" : -2.993875,
      "z" : -0.3013323
    } ],
    "faces" : [ {
      "vertices" : [ 0, 1, 2, 3, 4 ]
    }, {
      "vertices" : [ 0, 4, 3, 2, 1 ]
    } ]
  }, {
    "id" : "c12ac7b7-d127-42ff-8ba4-f03f138254df",
    "vertices" : [ {
      "x" : 0.0,
      "y" : 0.0,
      "z" : 0.0
    }, {
      "x" : -1.2393996,
      "y" : -0.64263994,
      "z" : -3.24479
    }, {
      "x" : -0.8182864,
      "y" : 2.686766,
      "z" : -2.1423016
    } ],
    "faces" : [ {
      "vertices" : [ 0, 1, 2 ]
    }, {
      "vertices" : [ 0, 2, 1 ]
    } ]
  }, {
    "id" : "88fd129b-3697-4e95-b7a3-991cffe3dd73",
    "vertices" : [ {
      "x" : 0.0,
      "y" : 0.0,
      "z" : 0.0
    }, {
      "x" : 3.3294058,
      "y" : 1.1024884,
      "z" : -0.42111307
    }, {
      "x" : 0.68137527,
      "y" : 3.4403708,
      "z" : -0.42111307
    } ],
    "faces" : [ {
      "vertices" : [ 0, 1, 2 ]
    }, {
      "vertices" : [ 0, 2, 1 ]
    } ]
  }, {
    "id" : "57dd51f1-4e68-493a-a4c1-47058b5bba6f",
    "vertices" : [ {
      "x" : 0.0,
      "y" : 0.0,
      "z" : 0.0
    }, {
      "x" : 0.42111307,
      "y" : 3.3294058,
      "z" : 1.1024884
    }, {
      "x" : 1.2393996,
      "y" : 0.64263994,
      "z" : 3.24479
    } ],
    "faces" : [ {
      "vertices" : [ 0, 1, 2 ]
    }, {
      "vertices" : [ 0, 2, 1 ]
    } ]
  }, {
    "id" : "3d50e6d0-208f-4840-9652-e0115a5e6dd8",
    "vertices" : [ {
      "x" : 0.0,
      "y" : 0.0,
      "z" : 0.0
    }, {
      "x" : -0.72244537,
      "y" : 1.1689411,
      "z" : -3.254137
    }, {
      "x" : -2.5727618,
      "y" : 4.162816,
      "z" : -2.9528048
    }, {
      "x" : -2.993875,
      "y" : 4.8441916,
      "z" : 0.4875659
    }, {
      "x" : -1.4038206,
      "y" : 2.2714295,
      "z" : 2.3124998
    } ],
    "faces" : [ {
      "vertices" : [ 0, 1, 2, 3, 4 ]
    }, {
      "vertices" : [ 0, 4, 3, 2, 1 ]
    } ]
  }, {
    "id" : "e5bb886c-9ece-4b73-8176-4505e8243bab",
    "vertices" : [ {
      "x" : 0.0,
      "y" : 0.0,
      "z" : 0.0
    }, {
      "x" : 1.5900543,
      "y" : -2.5727618,
      "z" : 1.8249338
    }, {
      "x" : 2.993875,
      "y" : -4.8441916,
      "z" : -0.4875659
    }, {
      "x" : 2.2714295,
      "y" : -3.6752503,
      "z" : -3.741703
    }, {
      "x" : 0.42111307,
      "y" : -0.68137527,
      "z" : -3.4403708
    } ],
    "faces" : [ {
      "vertices" : [ 0, 1, 2, 3, 4 ]
    }, {
      "vertices" : [ 0, 4, 3, 2, 1 ]
    } ]
  }, {
    "id" : "bca589f3-17d8-45a3-ae0d-676395afcfa0",
    "vertices" : [ {
      "x" : 0.0,
      "y" : 0.0,
      "z" : 0.0
    }, {
      "x" : -1.8503165,
      "y" : 2.993875,
      "z" : 0.3013323
    }, {
      "x" : -2.2714295,
      "y" : 3.6752503,
      "z" : 3.741703
    }, {
      "x" : -0.68137527,
      "y" : 1.1024884,
      "z" : 5.566637
    }, {
      "x" : 0.72244537,
      "y" : -1.1689411,
      "z" : 3.254137
    } ],
    "faces" : [ {
      "vertices" : [ 0, 1, 2, 3, 4 ]
    }, {
      "vertices" : [ 0, 4, 3, 2, 1 ]
    } ]
  }, {
    "id" : "2a7c4b88-f348-41b7-9ed6-a12998bcb664",
    "vertices" : [ {
      "x" : 0.0,
      "y" : 0.0,
      "z" : 0.0
    }, {
      "x" : 1.4038206,
      "y" : -2.2714295,
      "z" : -2.3124998
    }, {
      "x" : 0.68137527,
      "y" : -1.1024884,
      "z" : -5.566637
    }, {
      "x" : -1.1689411,
      "y" : 1.8913866,
      "z" : -5.2653046
    }, {
      "x" : -1.5900543,
      "y" : 2.5727618,
      "z" : -1.8249338
    } ],
    "faces" : [ {
      "vertices" : [ 0, 1, 2, 3, 4 ]
    }, {
      "vertices" : [ 0, 4, 3, 2, 1 ]
    } ]
  }, {
    "id" : "ab83c84f-222e-4b68-8bc1-f2bcbc7d2a86",
    "vertices" : [ {
      "x" : 0.0,
      "y" : 0.0,
      "z" : 0.0
    }, {
      "x" : -1.4038206,
      "y" : 2.2714295,
      "z" : 2.3124998
    }, {
      "x" : -0.68137527,
      "y" : 1.1024884,
      "z" : 5.566637
    }, {
      "x" : 1.1689411,
      "y" : -1.8913866,
      "z" : 5.2653046
    }, {
      "x" : 1.5900543,
      "y" : -2.5727618,
      "z" : 1.8249338
    } ],
    "faces" : [ {
      "vertices" : [ 0, 1, 2, 3, 4 ]
    }, {
      "vertices" : [ 0, 4, 3, 2, 1 ]
    } ]
  }, {
    "id" : "7c464548-aff2-40bd-9a69-b685ae00ea12",
    "vertices" : [ {
      "x" : 0.0,
      "y" : 0.0,
      "z" : 0.0
    }, {
      "x" : 2.6480305,
      "y" : -2.3378823,
      "z" : 0.0
    }, {
      "x" : 3.3294058,
      "y" : 1.1024884,
      "z" : -0.42111307
    } ],
    "faces" : [ {
      "vertices" : [ 0, 1, 2 ]
    }, {
      "vertices" : [ 0, 2, 1 ]
    } ]
  }, {
    "id" : "ffa50028-1583-4de2-9d48-49aa96bcc16c",
    "vertices" : [ {
      "x" : 0.0,
      "y" : 0.0,
      "z" : 0.0
    }, {
      "x" : 0.68137527,
      "y" : 3.4403708,
      "z" : -0.42111307
    }, {
      "x" : -2.6480305,
      "y" : 2.3378823,
      "z" : 0.0
    } ],
    "faces" : [ {
      "vertices" : [ 0, 1, 2 ]
    }, {
      "vertices" : [ 0, 2, 1 ]
    } ]
  }, {
    "id" : "6c2bbb42-d5cb-4dd0-a352-d5d4eabb526d",
    "vertices" : [ {
      "x" : 0.0,
      "y" : 0.0,
      "z" : 0.0
    }, {
      "x" : -3.3294058,
      "y" : -1.1024884,
      "z" : 0.42111307
    }, {
      "x" : -0.68137527,
      "y" : -3.4403708,
      "z" : 0.42111307
    } ],
    "faces" : [ {
      "vertices" : [ 0, 1, 2 ]
    }, {
      "vertices" : [ 0, 2, 1 ]
    } ]
  }, {
    "id" : "d4fcc3d7-be76-4e9d-976c-de0113143e2a",
    "vertices" : [ {
      "x" : 0.0,
      "y" : 0.0,
      "z" : 0.0
    }, {
      "x" : -0.42111307,
      "y" : -3.3294058,
      "z" : -1.1024884
    }, {
      "x" : -1.2393996,
      "y" : -0.64263994,
      "z" : -3.24479
    } ],
    "faces" : [ {
      "vertices" : [ 0, 1, 2 ]
    }, {
      "vertices" : [ 0, 2, 1 ]
    } ]
  }, {
    "id" : "cebcc546-00fc-432c-986d-92885026550b",
    "vertices" : [ {
      "x" : 0.0,
      "y" : 0.0,
      "z" : 0.0
    }, {
      "x" : 1.2393996,
      "y" : 0.64263994,
      "z" : 3.24479
    }, {
      "x" : 0.8182864,
      "y" : -2.686766,
      "z" : 2.1423016
    } ],
    "faces" : [ {
      "vertices" : [ 0, 1, 2 ]
    }, {
      "vertices" : [ 0, 2, 1 ]
    } ]
  }, {
    "id" : "5de3c5b4-254f-4744-9c66-51c9141651eb",
    "vertices" : [ {
      "x" : 0.0,
      "y" : 0.0,
      "z" : 0.0
    }, {
      "x" : 1.8503165,
      "y" : -2.993875,
      "z" : -0.3013323
    }, {
      "x" : 2.2714295,
      "y" : -3.6752503,
      "z" : -3.741703
    }, {
      "x" : 0.68137527,
      "y" : -1.1024884,
      "z" : -5.566637
    }, {
      "x" : -0.72244537,
      "y" : 1.1689411,
      "z" : -3.254137
    } ],
    "faces" : [ {
      "vertices" : [ 0, 1, 2, 3, 4 ]
    }, {
      "vertices" : [ 0, 4, 3, 2, 1 ]
    } ]
  }, {
    "id" : "1427c2cd-73d2-406d-8439-5186af367cb0",
    "vertices" : [ {
      "x" : 0.0,
      "y" : 0.0,
      "z" : 0.0
    }, {
      "x" : -1.5900543,
      "y" : 2.5727618,
      "z" : -1.8249338
    }, {
      "x" : -2.993875,
      "y" : 4.8441916,
      "z" : 0.4875659
    }, {
      "x" : -2.2714295,
      "y" : 3.6752503,
      "z" : 3.741703
    }, {
      "x" : -0.42111307,
      "y" : 0.68137527,
      "z" : 3.4403708
    } ],
    "faces" : [ {
      "vertices" : [ 0, 1, 2, 3, 4 ]
    }, {
      "vertices" : [ 0, 4, 3, 2, 1 ]
    } ]
  }, {
    "id" : "53eb8b55-d103-4561-a0fa-19d67ebf33e4",
    "vertices" : [ {
      "x" : 0.0,
      "y" : 0.0,
      "z" : 0.0
    }, {
      "x" : 0.72244537,
      "y" : -1.1689411,
      "z" : 3.254137
    }, {
      "x" : 2.5727618,
      "y" : -4.162816,
      "z" : 2.9528048
    }, {
      "x" : 2.993875,
      "y" : -4.8441916,
      "z" : -0.4875659
    }, {
      "x" : 1.4038206,
      "y" : -2.2714295,
      "z" : -2.3124998
    } ],
    "faces" : [ {
      "vertices" : [ 0, 1, 2, 3, 4 ]
    }, {
      "vertices" : [ 0, 4, 3, 2, 1 ]
    } ]
  }, {
    "id" : "fbc780cc-c43d-47db-b110-dba4e9399d9b",
    "vertices" : [ {
      "x" : 0.0,
      "y" : 0.0,
      "z" : 0.0
    }, {
      "x" : -0.8182864,
      "y" : 2.686766,
      "z" : -2.1423016
    }, {
      "x" : 0.42111307,
      "y" : 3.3294058,
      "z" : 1.1024884
    } ],
    "faces" : [ {
      "vertices" : [ 0, 1, 2 ]
    }, {
      "vertices" : [ 0, 2, 1 ]
    } ]
  }, {
    "id" : "121a55c6-1a36-4f6c-a5fe-2118782f7ca3",
    "vertices" : [ {
      "x" : 0.0,
      "y" : 0.0,
      "z" : 0.0
    }, {
      "x" : 0.42111307,
      "y" : -0.68137527,
      "z" : -3.4403708
    }, {
      "x" : -1.1689411,
      "y" : 1.8913866,
      "z" : -5.2653046
    }, {
      "x" : -2.5727618,
      "y" : 4.162816,
      "z" : -2.9528048
    }, {
      "x" : -1.8503165,
      "y" : 2.993875,
      "z" : 0.3013323
    } ],
    "faces" : [ {
      "vertices" : [ 0, 1, 2, 3, 4 ]
    }, {
      "vertices" : [ 0, 4, 3, 2, 1 ]
    } ]
  } ],
  "instances" : [ {
    "shape" : "5888161e-3f5f-4930-83cd-19bec9625a20",
    "color" : "#EBEBE7",
    "position" : {
      "x" : -0.68137527,
      "y" : -4.413731,
      "z" : 6.1682067
    },
    "orientation" : 28
  }, {
    "shape" : "10e415cc-74f0-402c-93d4-4d880cd387a1",
    "color" : "#EBEBE7",
    "position" : {
      "x" : -2.5727618,
      "y" : -5.1361766,
      "z" : -4.9992657
    },
    "orientation" : 54
  }, {
    "shape" : "0420bd0c-49d6-451d-9001-d1e61144cb85",
    "color" : "#FFD98C",
    "position" : {
      "x" : -6.986493,
      "y" : 2.0053904,
      "z" : 2.2714295
    },
    "orientation" : 0
  }, {
    "shape" : "90285d7e-f496-44bd-b2df-5706707ed209",
    "color" : "#EC888B",
    "position" : {
      "x" : 2.2714295,
      "y" : -6.986493,
      "z" : 2.0053904
    },
    "orientation" : 46
  }, {
    "shape" : "c12ac7b7-d127-42ff-8ba4-f03f138254df",
    "color" : "#FFD98C",
    "position" : {
      "x" : -0.68137527,
      "y" : 4.413731,
      "z" : -6.1682067
    },
    "orientation" : 2
  }, {
    "shape" : "10e415cc-74f0-402c-93d4-4d880cd387a1",
    "color" : "#EBEBE7",
    "position" : {
      "x" : 2.5727618,
      "y" : 5.1361766,
      "z" : -4.9992657
    },
    "orientation" : 24
  }, {
    "shape" : "88fd129b-3697-4e95-b7a3-991cffe3dd73",
    "color" : "#EBEBE7",
    "position" : {
      "x" : -6.986493,
      "y" : 2.0053904,
      "z" : 2.2714295
    },
    "orientation" : 16
  }, {
    "shape" : "5888161e-3f5f-4930-83cd-19bec9625a20",
    "color" : "#EBEBE7",
    "position" : {
      "x" : -5.1361766,
      "y" : 4.9992657,
      "z" : 2.5727618
    },
    "orientation" : 53
  }, {
    "shape" : "57dd51f1-4e68-493a-a4c1-47058b5bba6f",
    "color" : "#FFD98C",
    "position" : {
      "x" : 0.68137527,
      "y" : 4.413731,
      "z" : 6.1682067
    },
    "orientation" : 22
  }, {
    "shape" : "3d50e6d0-208f-4840-9652-e0115a5e6dd8",
    "color" : "#EC888B",
    "position" : {
      "x" : -4.413731,
      "y" : -6.1682067,
      "z" : 0.68137527
    },
    "orientation" : 0
  }, {
    "shape" : "88fd129b-3697-4e95-b7a3-991cffe3dd73",
    "color" : "#EBEBE7",
    "position" : {
      "x" : 2.2714295,
      "y" : -6.986493,
      "z" : 2.0053904
    },
    "orientation" : 47
  }, {
    "shape" : "5888161e-3f5f-4930-83cd-19bec9625a20",
    "color" : "#EBEBE7",
    "position" : {
      "x" : 0.68137527,
      "y" : 4.413731,
      "z" : 6.1682067
    },
    "orientation" : 58
  }, {
    "shape" : "5888161e-3f5f-4930-83cd-19bec9625a20",
    "color" : "#EBEBE7",
    "position" : {
      "x" : 4.413731,
      "y" : -6.1682067,
      "z" : -0.68137527
    },
    "orientation" : 12
  }, {
    "shape" : "88fd129b-3697-4e95-b7a3-991cffe3dd73",
    "color" : "#EBEBE7",
    "position" : {
      "x" : 4.9992657,
      "y" : -2.5727618,
      "z" : 5.1361766
    },
    "orientation" : 36
  }, {
    "shape" : "0420bd0c-49d6-451d-9001-d1e61144cb85",
    "color" : "#FFD98C",
    "position" : {
      "x" : -2.993875,
      "y" : 5.817552,
      "z" : -3.8967772
    },
    "orientation" : 5
  }, {
    "shape" : "88fd129b-3697-4e95-b7a3-991cffe3dd73",
    "color" : "#EBEBE7",
    "position" : {
      "x" : 5.817552,
      "y" : -3.8967772,
      "z" : -2.993875
    },
    "orientation" : 33
  }, {
    "shape" : "88fd129b-3697-4e95-b7a3-991cffe3dd73",
    "color" : "#EBEBE7",
    "position" : {
      "x" : 2.993875,
      "y" : -5.817552,
      "z" : -3.8967772
    },
    "orientation" : 49
  }, {
    "shape" : "10e415cc-74f0-402c-93d4-4d880cd387a1",
    "color" : "#EBEBE7",
    "position" : {
      "x" : -6.986493,
      "y" : 2.0053904,
      "z" : 2.2714295
    },
    "orientation" : 37
  }, {
    "shape" : "5888161e-3f5f-4930-83cd-19bec9625a20",
    "color" : "#EBEBE7",
    "position" : {
      "x" : 5.817552,
      "y" : 3.8967772,
      "z" : 2.993875
    },
    "orientation" : 20
  }, {
    "shape" : "10e415cc-74f0-402c-93d4-4d880cd387a1",
    "color" : "#EBEBE7",
    "position" : {
      "x" : -6.986493,
      "y" : -2.0053904,
      "z" : -2.2714295
    },
    "orientation" : 52
  }, {
    "shape" : "10e415cc-74f0-402c-93d4-4d880cd387a1",
    "color" : "#EBEBE7",
    "position" : {
      "x" : 5.817552,
      "y" : 3.8967772,
      "z" : 2.993875
    },
    "orientation" : 44
  }, {
    "shape" : "88fd129b-3697-4e95-b7a3-991cffe3dd73",
    "color" : "#EBEBE7",
    "position" : {
      "x" : 5.1361766,
      "y" : 4.9992657,
      "z" : -2.5727618
    },
    "orientation" : 22
  }, {
    "shape" : "88fd129b-3697-4e95-b7a3-991cffe3dd73",
    "color" : "#EBEBE7",
    "position" : {
      "x" : -1.1689411,
      "y" : 7.407606,
      "z" : -1.3240153
    },
    "orientation" : 42
  }, {
    "shape" : "e5bb886c-9ece-4b73-8176-4505e8243bab",
    "color" : "#EC888B",
    "position" : {
      "x" : -1.3240153,
      "y" : -1.1689411,
      "z" : 7.407606
    },
    "orientation" : 17
  }, {
    "shape" : "10e415cc-74f0-402c-93d4-4d880cd387a1",
    "color" : "#EBEBE7",
    "position" : {
      "x" : 1.3240153,
      "y" : -1.1689411,
      "z" : -7.407606
    },
    "orientation" : 30
  }, {
    "shape" : "bca589f3-17d8-45a3-ae0d-676395afcfa0",
    "color" : "#EC888B",
    "position" : {
      "x" : -2.5727618,
      "y" : -5.1361766,
      "z" : -4.9992657
    },
    "orientation" : 1
  }, {
    "shape" : "0420bd0c-49d6-451d-9001-d1e61144cb85",
    "color" : "#FFD98C",
    "position" : {
      "x" : 5.817552,
      "y" : -3.8967772,
      "z" : -2.993875
    },
    "orientation" : 4
  }, {
    "shape" : "3d50e6d0-208f-4840-9652-e0115a5e6dd8",
    "color" : "#EC888B",
    "position" : {
      "x" : -4.413731,
      "y" : 6.1682067,
      "z" : -0.68137527
    },
    "orientation" : 15
  }, {
    "shape" : "10e415cc-74f0-402c-93d4-4d880cd387a1",
    "color" : "#EBEBE7",
    "position" : {
      "x" : -6.1682067,
      "y" : 0.68137527,
      "z" : -4.413731
    },
    "orientation" : 35
  }, {
    "shape" : "5888161e-3f5f-4930-83cd-19bec9625a20",
    "color" : "#EBEBE7",
    "position" : {
      "x" : -5.817552,
      "y" : -3.8967772,
      "z" : 2.993875
    },
    "orientation" : 50
  }, {
    "shape" : "10e415cc-74f0-402c-93d4-4d880cd387a1",
    "color" : "#EBEBE7",
    "position" : {
      "x" : 4.9992657,
      "y" : -2.5727618,
      "z" : 5.1361766
    },
    "orientation" : 25
  }, {
    "shape" : "88fd129b-3697-4e95-b7a3-991cffe3dd73",
    "color" : "#EBEBE7",
    "position" : {
      "x" : -2.2714295,
      "y" : -6.986493,
      "z" : -2.0053904
    },
    "orientation" : 2
  }, {
    "shape" : "bca589f3-17d8-45a3-ae0d-676395afcfa0",
    "color" : "#EC888B",
    "position" : {
      "x" : 5.1361766,
      "y" : 4.9992657,
      "z" : -2.5727618
    },
    "orientation" : 30
  }, {
    "shape" : "10e415cc-74f0-402c-93d4-4d880cd387a1",
    "color" : "#EBEBE7",
    "position" : {
      "x" : 2.2714295,
      "y" : -6.986493,
      "z" : 2.0053904
    },
    "orientation" : 23
  }, {
    "shape" : "0420bd0c-49d6-451d-9001-d1e61144cb85",
    "color" : "#FFD98C",
    "position" : {
      "x" : 5.817552,
      "y" : 3.8967772,
      "z" : 2.993875
    },
    "orientation" : 19
  }, {
    "shape" : "10e415cc-74f0-402c-93d4-4d880cd387a1",
    "color" : "#EBEBE7",
    "position" : {
      "x" : 0.68137527,
      "y" : 4.413731,
      "z" : 6.1682067
    },
    "orientation" : 34
  }, {
    "shape" : "3d50e6d0-208f-4840-9652-e0115a5e6dd8",
    "color" : "#EC888B",
    "position" : {
      "x" : -6.1682067,
      "y" : 0.68137527,
      "z" : -4.413731
    },
    "orientation" : 2
  }, {
    "shape" : "c12ac7b7-d127-42ff-8ba4-f03f138254df",
    "color" : "#FFD98C",
    "position" : {
      "x" : 4.9992657,
      "y" : -2.5727618,
      "z" : 5.1361766
    },
    "orientation" : 54
  }, {
    "shape" : "0420bd0c-49d6-451d-9001-d1e61144cb85",
    "color" : "#FFD98C",
    "position" : {
      "x" : 6.986493,
      "y" : -2.0053904,
      "z" : 2.2714295
    },
    "orientation" : 30
  }, {
    "shape" : "5888161e-3f5f-4930-83cd-19bec9625a20",
    "color" : "#EBEBE7",
    "position" : {
      "x" : 1.3240153,
      "y" : -1.1689411,
      "z" : -7.407606
    },
    "orientation" : 0
  }, {
    "shape" : "5888161e-3f5f-4930-83cd-19bec9625a20",
    "color" : "#EBEBE7",
    "position" : {
      "x" : 4.9992657,
      "y" : -2.5727618,
      "z" : 5.1361766
    },
    "orientation" : 7
  }, {
    "shape" : "0420bd0c-49d6-451d-9001-d1e61144cb85",
    "color" : "#FFD98C",
    "position" : {
      "x" : 2.5727618,
      "y" : 5.1361766,
      "z" : -4.9992657
    },
    "orientation" : 39
  }, {
    "shape" : "88fd129b-3697-4e95-b7a3-991cffe3dd73",
    "color" : "#EBEBE7",
    "position" : {
      "x" : -2.5727618,
      "y" : -5.1361766,
      "z" : -4.9992657
    },
    "orientation" : 38
  }, {
    "shape" : "c12ac7b7-d127-42ff-8ba4-f03f138254df",
    "color" : "#FFD98C",
    "position" : {
      "x" : 6.986493,
      "y" : 2.0053904,
      "z" : -2.2714295
    },
    "orientation" : 38
  }, {
    "shape" : "10e415cc-74f0-402c-93d4-4d880cd387a1",
    "color" : "#EBEBE7",
    "position" : {
      "x" : -0.68137527,
      "y" : -4.413731,
      "z" : 6.1682067
    },
    "orientation" : 4
  }, {
    "shape" : "88fd129b-3697-4e95-b7a3-991cffe3dd73",
    "color" : "#EBEBE7",
    "position" : {
      "x" : -4.413731,
      "y" : -6.1682067,
      "z" : 0.68137527
    },
    "orientation" : 26
  }, {
    "shape" : "c12ac7b7-d127-42ff-8ba4-f03f138254df",
    "color" : "#FFD98C",
    "position" : {
      "x" : -0.68137527,
      "y" : -4.413731,
      "z" : 6.1682067
    },
    "orientation" : 17
  }, {
    "shape" : "10e415cc-74f0-402c-93d4-4d880cd387a1",
    "color" : "#EBEBE7",
    "position" : {
      "x" : -1.1689411,
      "y" : 7.407606,
      "z" : -1.3240153
    },
    "orientation" : 32
  }, {
    "shape" : "88fd129b-3697-4e95-b7a3-991cffe3dd73",
    "color" : "#EBEBE7",
    "position" : {
      "x" : 6.986493,
      "y" : -2.0053904,
      "z" : 2.2714295
    },
    "orientation" : 46
  }, {
    "shape" : "5888161e-3f5f-4930-83cd-19bec9625a20",
    "color" : "#EBEBE7",
    "position" : {
      "x" : -6.986493,
      "y" : -2.0053904,
      "z" : -2.2714295
    },
    "orientation" : 40
  }, {
    "shape" : "e5bb886c-9ece-4b73-8176-4505e8243bab",
    "color" : "#EC888B",
    "position" : {
      "x" : 1.3240153,
      "y" : -1.1689411,
      "z" : -7.407606
    },
    "orientation" : 32
  }, {
    "shape" : "0420bd0c-49d6-451d-9001-d1e61144cb85",
    "color" : "#FFD98C",
    "position" : {
      "x" : -2.5727618,
      "y" : -5.1361766,
      "z" : -4.9992657
    },
    "orientation" : 9
  }, {
    "shape" : "5888161e-3f5f-4930-83cd-19bec9625a20",
    "color" : "#EBEBE7",
    "position" : {
      "x" : 1.3240153,
      "y" : 1.1689411,
      "z" : 7.407606
    },
    "orientation" : 15
  }, {
    "shape" : "5888161e-3f5f-4930-83cd-19bec9625a20",
    "color" : "#EBEBE7",
    "position" : {
      "x" : -2.5727618,
      "y" : 5.1361766,
      "z" : 4.9992657
    },
    "orientation" : 6
  }, {
    "shape" : "2a7c4b88-f348-41b7-9ed6-a12998bcb664",
    "color" : "#EC888B",
    "position" : {
      "x" : 5.817552,
      "y" : -3.8967772,
      "z" : -2.993875
    },
    "orientation" : 45
  }, {
    "shape" : "0420bd0c-49d6-451d-9001-d1e61144cb85",
    "color" : "#FFD98C",
    "position" : {
      "x" : 2.2714295,
      "y" : -6.986493,
      "z" : 2.0053904
    },
    "orientation" : 1
  }, {
    "shape" : "5888161e-3f5f-4930-83cd-19bec9625a20",
    "color" : "#EBEBE7",
    "position" : {
      "x" : -2.5727618,
      "y" : -5.1361766,
      "z" : -4.9992657
    },
    "orientation" : 21
  }, {
    "shape" : "57dd51f1-4e68-493a-a4c1-47058b5bba6f",
    "color" : "#FFD98C",
    "position" : {
      "x" : -4.413731,
      "y" : -6.1682067,
      "z" : 0.68137527
    },
    "orientation" : 6
  }, {
    "shape" : "3d50e6d0-208f-4840-9652-e0115a5e6dd8",
    "color" : "#EC888B",
    "position" : {
      "x" : 0.68137527,
      "y" : 4.413731,
      "z" : 6.1682067
    },
    "orientation" : 16
  }, {
    "shape" : "5888161e-3f5f-4930-83cd-19bec9625a20",
    "color" : "#EBEBE7",
    "position" : {
      "x" : -6.986493,
      "y" : 2.0053904,
      "z" : 2.2714295
    },
    "orientation" : 55
  }, {
    "shape" : "88fd129b-3697-4e95-b7a3-991cffe3dd73",
    "color" : "#EBEBE7",
    "position" : {
      "x" : 6.986493,
      "y" : 2.0053904,
      "z" : -2.2714295
    },
    "orientation" : 31
  }, {
    "shape" : "10e415cc-74f0-402c-93d4-4d880cd387a1",
    "color" : "#EBEBE7",
    "position" : {
      "x" : 5.1361766,
      "y" : 4.9992657,
      "z" : -2.5727618
    },
    "orientation" : 56
  }, {
    "shape" : "bca589f3-17d8-45a3-ae0d-676395afcfa0",
    "color" : "#EC888B",
    "position" : {
      "x" : 2.5727618,
      "y" : 5.1361766,
      "z" : -4.9992657
    },
    "orientation" : 31
  }, {
    "shape" : "0420bd0c-49d6-451d-9001-d1e61144cb85",
    "color" : "#FFD98C",
    "position" : {
      "x" : -1.1689411,
      "y" : 7.407606,
      "z" : -1.3240153
    },
    "orientation" : 21
  }, {
    "shape" : "10e415cc-74f0-402c-93d4-4d880cd387a1",
    "color" : "#EBEBE7",
    "position" : {
      "x" : -4.413731,
      "y" : 6.1682067,
      "z" : -0.68137527
    },
    "orientation" : 3
  }, {
    "shape" : "10e415cc-74f0-402c-93d4-4d880cd387a1",
    "color" : "#EBEBE7",
    "position" : {
      "x" : -0.68137527,
      "y" : 4.413731,
      "z" : -6.1682067
    },
    "orientation" : 19
  }, {
    "shape" : "c12ac7b7-d127-42ff-8ba4-f03f138254df",
    "color" : "#FFD98C",
    "position" : {
      "x" : -6.986493,
      "y" : -2.0053904,
      "z" : -2.2714295
    },
    "orientation" : 8
  }, {
    "shape" : "10e415cc-74f0-402c-93d4-4d880cd387a1",
    "color" : "#EBEBE7",
    "position" : {
      "x" : 1.3240153,
      "y" : 1.1689411,
      "z" : 7.407606
    },
    "orientation" : 45
  }, {
    "shape" : "5888161e-3f5f-4930-83cd-19bec9625a20",
    "color" : "#EBEBE7",
    "position" : {
      "x" : 5.817552,
      "y" : -3.8967772,
      "z" : -2.993875
    },
    "orientation" : 5
  }, {
    "shape" : "5888161e-3f5f-4930-83cd-19bec9625a20",
    "color" : "#EBEBE7",
    "position" : {
      "x" : -1.1689411,
      "y" : 7.407606,
      "z" : -1.3240153
    },
    "orientation" : 17
  }, {
    "shape" : "57dd51f1-4e68-493a-a4c1-47058b5bba6f",
    "color" : "#FFD98C",
    "position" : {
      "x" : 1.1689411,
      "y" : 7.407606,
      "z" : 1.3240153
    },
    "orientation" : 16
  }, {
    "shape" : "88fd129b-3697-4e95-b7a3-991cffe3dd73",
    "color" : "#EBEBE7",
    "position" : {
      "x" : 2.5727618,
      "y" : 5.1361766,
      "z" : -4.9992657
    },
    "orientation" : 8
  }, {
    "shape" : "5888161e-3f5f-4930-83cd-19bec9625a20",
    "color" : "#EBEBE7",
    "position" : {
      "x" : -6.1682067,
      "y" : 0.68137527,
      "z" : -4.413731
    },
    "orientation" : 29
  }, {
    "shape" : "0420bd0c-49d6-451d-9001-d1e61144cb85",
    "color" : "#FFD98C",
    "position" : {
      "x" : 1.3240153,
      "y" : -1.1689411,
      "z" : -7.407606
    },
    "orientation" : 7
  }, {
    "shape" : "57dd51f1-4e68-493a-a4c1-47058b5bba6f",
    "color" : "#FFD98C",
    "position" : {
      "x" : -5.817552,
      "y" : -3.8967772,
      "z" : 2.993875
    },
    "orientation" : 3
  }, {
    "shape" : "5888161e-3f5f-4930-83cd-19bec9625a20",
    "color" : "#EBEBE7",
    "position" : {
      "x" : 2.5727618,
      "y" : 5.1361766,
      "z" : -4.9992657
    },
    "orientation" : 51
  }, {
    "shape" : "e5bb886c-9ece-4b73-8176-4505e8243bab",
    "color" : "#EC888B",
    "position" : {
      "x" : 1.3240153,
      "y" : 1.1689411,
      "z" : 7.407606
    },
    "orientation" : 47
  }, {
    "shape" : "57dd51f1-4e68-493a-a4c1-47058b5bba6f",
    "color" : "#FFD98C",
    "position" : {
      "x" : -5.1361766,
      "y" : 4.9992657,
      "z" : 2.5727618
    },
    "orientation" : 24
  }, {
    "shape" : "88fd129b-3697-4e95-b7a3-991cffe3dd73",
    "color" : "#EBEBE7",
    "position" : {
      "x" : 0.68137527,
      "y" : 4.413731,
      "z" : 6.1682067
    },
    "orientation" : 39
  }, {
    "shape" : "88fd129b-3697-4e95-b7a3-991cffe3dd73",
    "color" : "#EBEBE7",
    "position" : {
      "x" : 5.817552,
      "y" : 3.8967772,
      "z" : 2.993875
    },
    "orientation" : 48
  }, {
    "shape" : "5888161e-3f5f-4930-83cd-19bec9625a20",
    "color" : "#EBEBE7",
    "position" : {
      "x" : 6.986493,
      "y" : 2.0053904,
      "z" : -2.2714295
    },
    "orientation" : 10
  }, {
    "shape" : "5888161e-3f5f-4930-83cd-19bec9625a20",
    "color" : "#EBEBE7",
    "position" : {
      "x" : -0.68137527,
      "y" : 4.413731,
      "z" : -6.1682067
    },
    "orientation" : 13
  }, {
    "shape" : "88fd129b-3697-4e95-b7a3-991cffe3dd73",
    "color" : "#EBEBE7",
    "position" : {
      "x" : -0.68137527,
      "y" : -4.413731,
      "z" : 6.1682067
    },
    "orientation" : 9
  }, {
    "shape" : "88fd129b-3697-4e95-b7a3-991cffe3dd73",
    "color" : "#EBEBE7",
    "position" : {
      "x" : 1.1689411,
      "y" : 7.407606,
      "z" : 1.3240153
    },
    "orientation" : 27
  }, {
    "shape" : "10e415cc-74f0-402c-93d4-4d880cd387a1",
    "color" : "#EBEBE7",
    "position" : {
      "x" : -4.413731,
      "y" : -6.1682067,
      "z" : 0.68137527
    },
    "orientation" : 18
  }, {
    "shape" : "5888161e-3f5f-4930-83cd-19bec9625a20",
    "color" : "#EBEBE7",
    "position" : {
      "x" : 2.2714295,
      "y" : -6.986493,
      "z" : 2.0053904
    },
    "orientation" : 41
  }, {
    "shape" : "88fd129b-3697-4e95-b7a3-991cffe3dd73",
    "color" : "#EBEBE7",
    "position" : {
      "x" : 1.3240153,
      "y" : -1.1689411,
      "z" : -7.407606
    },
    "orientation" : 43
  }, {
    "shape" : "10e415cc-74f0-402c-93d4-4d880cd387a1",
    "color" : "#EBEBE7",
    "position" : {
      "x" : -5.817552,
      "y" : -3.8967772,
      "z" : 2.993875
    },
    "orientation" : 14
  }, {
    "shape" : "5888161e-3f5f-4930-83cd-19bec9625a20",
    "color" : "#EBEBE7",
    "position" : {
      "x" : -4.413731,
      "y" : -6.1682067,
      "z" : 0.68137527
    },
    "orientation" : 57
  }, {
    "shape" : "88fd129b-3697-4e95-b7a3-991cffe3dd73",
    "color" : "#EBEBE7",
    "position" : {
      "x" : -4.413731,
      "y" : 6.1682067,
      "z" : -0.68137527
    },
    "orientation" : 11
  }, {
    "shape" : "10e415cc-74f0-402c-93d4-4d880cd387a1",
    "color" : "#EBEBE7",
    "position" : {
      "x" : 5.817552,
      "y" : -3.8967772,
      "z" : -2.993875
    },
    "orientation" : 59
  }, {
    "shape" : "88fd129b-3697-4e95-b7a3-991cffe3dd73",
    "color" : "#EBEBE7",
    "position" : {
      "x" : -6.986493,
      "y" : -2.0053904,
      "z" : -2.2714295
    },
    "orientation" : 1
  } ],
  "scenes" : [ {
    "title" : "Dextro Faces",
    "content" : "",
    "view" : {
      "width" : 48.92907,
      "position" : {
        "x" : 0.0,
        "y" : 0.0,
        "z" : 108.73127
      },
      "nearClipDistance" : 0.27182817,
      "farClipDistance" : 217.46254,
      "upDirection" : {
        "x" : 0.0,
        "y" : 1.0,
        "z" : 0.0
      },
      "lookAtPoint" : {
        "x" : 0.0,
        "y" : 0.0,
        "z" : 0.0
      },
      "lookDirection" : {
        "x" : 0.0,
        "y" : 0.0,
        "z" : -1.0
      },
      "stereo" : false,
      "upDirectionRV" : {
        "x" : 0.0,
        "y" : 1.0,
        "z" : 0.0,
        "zero" : false
      },
      "fieldOfView" : 0.44262886,
      "viewDistance" : 108.73127,
      "perspective" : true,
      "lookAtPointRV" : {
        "x" : 0.0,
        "y" : 0.0,
        "z" : 0.0,
        "zero" : true
      },
      "lookDirectionRV" : {
        "x" : 0.0,
        "y" : 0.0,
        "z" : -1.0,
        "zero" : false
      }
    },
    "snapshot" : 0
  }, {
    "title" : "Laevo Faces",
    "content" : "",
    "view" : {
      "width" : 48.92907,
      "position" : {
        "x" : 0.0,
        "y" : 0.0,
        "z" : 108.73127
      },
      "nearClipDistance" : 0.27182817,
      "farClipDistance" : 217.46254,
      "upDirection" : {
        "x" : 0.0,
        "y" : 1.0,
        "z" : 0.0
      },
      "lookAtPoint" : {
        "x" : 0.0,
        "y" : 0.0,
        "z" : 0.0
      },
      "lookDirection" : {
        "x" : 0.0,
        "y" : 0.0,
        "z" : -1.0
      },
      "stereo" : false,
      "upDirectionRV" : {
        "x" : 0.0,
        "y" : 1.0,
        "z" : 0.0,
        "zero" : false
      },
      "fieldOfView" : 0.44262886,
      "viewDistance" : 108.73127,
      "perspective" : true,
      "lookAtPointRV" : {
        "x" : 0.0,
        "y" : 0.0,
        "z" : 0.0,
        "zero" : true
      },
      "lookDirectionRV" : {
        "x" : 0.0,
        "y" : 0.0,
        "z" : -1.0,
        "zero" : false
      }
    },
    "snapshot" : 1
  } ],
  "snapshots" : [ [ {
    "shape" : "ab83c84f-222e-4b68-8bc1-f2bcbc7d2a86",
    "color" : "#EC888B",
    "position" : {
      "x" : 5.817552,
      "y" : -3.8967772,
      "z" : 2.993875
    },
    "orientation" : 15
  }, {
    "shape" : "7c464548-aff2-40bd-9a69-b685ae00ea12",
    "color" : "#EBEBE7",
    "position" : {
      "x" : -0.68137527,
      "y" : -4.413731,
      "z" : -6.1682067
    },
    "orientation" : 58
  }, {
    "shape" : "7c464548-aff2-40bd-9a69-b685ae00ea12",
    "color" : "#EBEBE7",
    "position" : {
      "x" : -2.5727618,
      "y" : -5.1361766,
      "z" : 4.9992657
    },
    "orientation" : 51
  }, {
