{
  "polygons": "true",
  "field": "snubDodec",
  "symmetry": "icosahedral",
  "orientations": [
    [
      1,
      0,
      0,
      0,
      0,
      1,
      0,
      0,
      0,
      0,
      1,
      0,
      0,
      0,
      0,
      1
    ],
    [
      0,
      0,
      1,
      0,
      1,
      0,
      0,
      0,
      0,
      1,
      0,
      0,
      0,
      0,
      0,
      1
    ],
    [
      0,
      1,
      0,
      0,
      0,
      0,
      1,
      0,
      1,
      0,
      0,
      0,
      0,
      0,
      0,
      1
    ],
    [
      0.809017,
      0.309017,
      0.5,
      0,
      0.309017,
      0.5,
      -0.809017,
      0,
      -0.5,
      0.809017,
      0.309017,
      0,
      0,
      0,
      0,
      1
    ],
    [
      -0.5,
      0.809017,
      0.309017,
      0,
      0.809017,
      0.309017,
      0.5,
      0,
      0.309017,
      0.5,
      -0.809017,
      0,
      0,
      0,
      0,
      1
    ],
    [
      0.309017,
      0.5,
      -0.809017,
      0,
      -0.5,
      0.809017,
      0.309017,
      0,
      0.809017,
      0.309017,
      0.5,
      0,
      0,
      0,
      0,
      1
    ],
    [
      0.5,
      0.809017,
      0.309017,
      0,
      0.809017,
      -0.309017,
      -0.5,
      0,
      -0.309017,
      0.5,
      -0.809017,
      0,
      0,
      0,
      0,
      1
    ],
    [
      -0.309017,
      0.5,
      -0.809017,
      0,
      0.5,
      0.809017,
      0.309017,
      0,
      0.809017,
      -0.309017,
      -0.5,
      0,
      0,
      0,
      0,
      1
    ],
    [
      0.809017,
      -0.309017,
      -0.5,
      0,
      -0.309017,
      0.5,
      -0.809017,
      0,
      0.5,
      0.809017,
      0.309017,
      0,
      0,
      0,
      0,
      1
    ],
    [
      0.5,
      0.809017,
      -0.309017,
      0,
      0.809017,
      -0.309017,
      0.5,
      0,
      0.309017,
      -0.5,
      -0.809017,
      0,
      0,
      0,
      0,
      1
    ],
    [
      0.309017,
      -0.5,
      -0.809017,
      0,
      0.5,
      0.809017,
      -0.309017,
      0,
      0.809017,
      -0.309017,
      0.5,
      0,
      0,
      0,
      0,
      1
    ],
    [
      0.809017,
      -0.309017,
      0.5,
      0,
      0.309017,
      -0.5,
      -0.809017,
      0,
      0.5,
      0.809017,
      -0.309017,
      0,
      0,
      0,
      0,
      1
    ],
    [
      0.809017,
      0.309017,
      -0.5,
      0,
      0.309017,
      0.5,
      0.809017,
      0,
      0.5,
      -0.809017,
      0.309017,
      0,
      0,
      0,
      0,
      1
    ],
    [
      0.5,
      -0.809017,
      0.309017,
      0,
      0.809017,
      0.309017,
      -0.5,
      0,
      0.309017,
      0.5,
      0.809017,
      0,
      0,
      0,
      0,
      1
    ],
    [
      0.309017,
      0.5,
      0.809017,
      0,
      0.5,
      -0.809017,
      0.309017,
      0,
      0.809017,
      0.309017,
      -0.5,
      0,
      0,
      0,
      0,
      1
    ],
    [
      1,
      0,
      0,
      0,
      0,
      -1,
      0,
      0,
      0,
      0,
      -1,
      0,
      0,
      0,
      0,
      1
    ],
    [
      0,
      0,
      1,
      0,
      -1,
      0,
      0,
      0,
      0,
      -1,
      0,
      0,
      0,
      0,
      0,
      1
    ],
    [
      0,
      1,
      0,
      0,
      0,
      0,
      -1,
      0,
      -1,
      0,
      0,
      0,
      0,
      0,
      0,
      1
    ],
    [
      0.809017,
      0.309017,
      0.5,
      0,
      -0.309017,
      -0.5,
      0.809017,
      0,
      0.5,
      -0.809017,
      -0.309017,
      0,
      0,
      0,
      0,
      1
    ],
    [
      -0.5,
      0.809017,
      0.309017,
      0,
      -0.809017,
      -0.309017,
      -0.5,
      0,
      -0.309017,
      -0.5,
      0.809017,
      0,
      0,
      0,
      0,
      1
    ],
    [
      0.309017,
      0.5,
      -0.809017,
      0,
      0.5,
      -0.809017,
      -0.309017,
      0,
      -0.809017,
      -0.309017,
      -0.5,
      0,
      0,
      0,
      0,
      1
    ],
    [
      0.5,
      0.809017,
      0.309017,
      0,
      -0.809017,
      0.309017,
      0.5,
      0,
      0.309017,
      -0.5,
      0.809017,
      0,
      0,
      0,
      0,
      1
    ],
    [
      -0.309017,
      0.5,
      -0.809017,
      0,
      -0.5,
      -0.809017,
      -0.309017,
      0,
      -0.809017,
      0.309017,
      0.5,
      0,
      0,
      0,
      0,
      1
    ],
    [
      0.809017,
      -0.309017,
      -0.5,
      0,
      0.309017,
      -0.5,
      0.809017,
      0,
      -0.5,
      -0.809017,
      -0.309017,
      0,
      0,
      0,
      0,
      1
    ],
    [
      0.5,
      0.809017,
      -0.309017,
      0,
      -0.809017,
      0.309017,
      -0.5,
      0,
      -0.309017,
      0.5,
      0.809017,
      0,
      0,
      0,
      0,
      1
    ],
    [
      0.309017,
      -0.5,
      -0.809017,
      0,
      -0.5,
      -0.809017,
      0.309017,
      0,
      -0.809017,
      0.309017,
      -0.5,
      0,
      0,
      0,
      0,
      1
    ],
    [
      0.809017,
      -0.309017,
      0.5,
      0,
      -0.309017,
      0.5,
      0.809017,
      0,
      -0.5,
      -0.809017,
      0.309017,
      0,
      0,
      0,
      0,
      1
    ],
    [
      0.809017,
      0.309017,
      -0.5,
      0,
      -0.309017,
      -0.5,
      -0.809017,
      0,
      -0.5,
      0.809017,
      -0.309017,
      0,
      0,
      0,
      0,
      1
    ],
    [
      0.5,
      -0.809017,
      0.309017,
      0,
      -0.809017,
      -0.309017,
      0.5,
      0,
      -0.309017,
      -0.5,
      -0.809017,
      0,
      0,
      0,
      0,
      1
    ],
    [
      0.309017,
      0.5,
      0.809017,
      0,
      -0.5,
      0.809017,
      -0.309017,
      0,
      -0.809017,
      -0.309017,
      0.5,
      0,
      0,
      0,
      0,
      1
    ],
    [
      -1,
      0,
      0,
      0,
      0,
      -1,
      0,
      0,
      0,
      0,
      1,
      0,
      0,
      0,
      0,
      1
    ],
    [
      0,
      0,
      -1,
      0,
      -1,
      0,
      0,
      0,
      0,
      1,
      0,
      0,
      0,
      0,
      0,
      1
    ],
    [
      0,
      -1,
      0,
      0,
      0,
      0,
      -1,
      0,
      1,
      0,
      0,
      0,
      0,
      0,
      0,
      1
    ],
    [
      -0.809017,
      -0.309017,
      -0.5,
      0,
      -0.309017,
      -0.5,
      0.809017,
      0,
      -0.5,
      0.809017,
      0.309017,
      0,
      0,
      0,
      0,
      1
    ],
    [
      0.5,
      -0.809017,
      -0.309017,
      0,
      -0.809017,
      -0.309017,
      -0.5,
      0,
      0.309017,
      0.5,
      -0.809017,
      0,
      0,
      0,
      0,
      1
    ],
    [
      -0.309017,
      -0.5,
      0.809017,
      0,
      0.5,
      -0.809017,
      -0.309017,
      0,
      0.809017,
      0.309017,
      0.5,
      0,
      0,
      0,
      0,
      1
    ],
    [
      -0.5,
      -0.809017,
      -0.309017,
      0,
      -0.809017,
      0.309017,
      0.5,
      0,
      -0.309017,
      0.5,
      -0.809017,
      0,
      0,
      0,
      0,
      1
    ],
    [
      0.309017,
      -0.5,
      0.809017,
      0,
      -0.5,
      -0.809017,
      -0.309017,
      0,
      0.809017,
      -0.309017,
      -0.5,
      0,
      0,
      0,
      0,
      1
    ],
    [
      -0.809017,
      0.309017,
      0.5,
      0,
      0.309017,
      -0.5,
      0.809017,
      0,
      0.5,
      0.809017,
      0.309017,
      0,
      0,
      0,
      0,
      1
    ],
    [
      -0.5,
      -0.809017,
      0.309017,
      0,
      -0.809017,
      0.309017,
      -0.5,
      0,
      0.309017,
      -0.5,
      -0.809017,
      0,
      0,
      0,
      0,
      1
    ],
    [
      -0.309017,
      0.5,
      0.809017,
      0,
      -0.5,
      -0.809017,
      0.309017,
      0,
      0.809017,
      -0.309017,
      0.5,
      0,
      0,
      0,
      0,
      1
    ],
    [
      -0.809017,
      0.309017,
      -0.5,
      0,
      -0.309017,
      0.5,
      0.809017,
      0,
      0.5,
      0.809017,
      -0.309017,
      0,
      0,
      0,
      0,
      1
    ],
    [
      -0.809017,
      -0.309017,
      0.5,
      0,
      -0.309017,
      -0.5,
      -0.809017,
      0,
      0.5,
      -0.809017,
      0.309017,
      0,
      0,
      0,
      0,
      1
    ],
    [
      -0.5,
      0.809017,
      -0.309017,
      0,
      -0.809017,
      -0.309017,
      0.5,
      0,
      0.309017,
      0.5,
      0.809017,
      0,
      0,
      0,
      0,
      1
    ],
    [
      -0.309017,
      -0.5,
      -0.809017,
      0,
      -0.5,
      0.809017,
      -0.309017,
      0,
      0.809017,
      0.309017,
      -0.5,
      0,
      0,
      0,
      0,
      1
    ],
    [
      -1,
      0,
      0,
      0,
      0,
      1,
      0,
      0,
      0,
      0,
      -1,
      0,
      0,
      0,
      0,
      1
    ],
    [
      0,
      0,
      -1,
      0,
      1,
      0,
      0,
      0,
      0,
      -1,
      0,
      0,
      0,
      0,
      0,
      1
    ],
    [
      0,
      -1,
      0,
      0,
      0,
      0,
      1,
      0,
      -1,
      0,
      0,
      0,
      0,
      0,
      0,
      1
    ],
    [
      -0.809017,
      -0.309017,
      -0.5,
      0,
      0.309017,
      0.5,
      -0.809017,
      0,
      0.5,
      -0.809017,
      -0.309017,
      0,
      0,
      0,
      0,
      1
    ],
    [
      0.5,
      -0.809017,
      -0.309017,
      0,
      0.809017,
      0.309017,
      0.5,
      0,
      -0.309017,
      -0.5,
      0.809017,
      0,
      0,
      0,
      0,
      1
    ],
    [
      -0.309017,
      -0.5,
      0.809017,
      0,
      -0.5,
      0.809017,
      0.309017,
      0,
      -0.809017,
      -0.309017,
      -0.5,
      0,
      0,
      0,
      0,
      1
    ],
    [
      -0.5,
      -0.809017,
      -0.309017,
      0,
      0.809017,
      -0.309017,
      -0.5,
      0,
      0.309017,
      -0.5,
      0.809017,
      0,
      0,
      0,
      0,
      1
    ],
    [
      0.309017,
      -0.5,
      0.809017,
      0,
      0.5,
      0.809017,
      0.309017,
      0,
      -0.809017,
      0.309017,
      0.5,
      0,
      0,
      0,
      0,
      1
    ],
    [
      -0.809017,
      0.309017,
      0.5,
      0,
      -0.309017,
      0.5,
      -0.809017,
      0,
      -0.5,
      -0.809017,
      -0.309017,
      0,
      0,
      0,
      0,
      1
    ],
    [
      -0.5,
      -0.809017,
      0.309017,
      0,
      0.809017,
      -0.309017,
      0.5,
      0,
      -0.309017,
      0.5,
      0.809017,
      0,
      0,
      0,
      0,
      1
    ],
    [
      -0.309017,
      0.5,
      0.809017,
      0,
      0.5,
      0.809017,
      -0.309017,
      0,
      -0.809017,
      0.309017,
      -0.5,
      0,
      0,
      0,
      0,
      1
    ],
    [
      -0.809017,
      0.309017,
      -0.5,
      0,
      0.309017,
      -0.5,
      -0.809017,
      0,
      -0.5,
      -0.809017,
      0.309017,
      0,
      0,
      0,
      0,
      1
    ],
    [
      -0.809017,
      -0.309017,
      0.5,
      0,
      0.309017,
      0.5,
      0.809017,
      0,
      -0.5,
      0.809017,
      -0.309017,
      0,
      0,
      0,
      0,
      1
    ],
    [
      -0.5,
      0.809017,
      -0.309017,
      0,
      0.809017,
      0.309017,
      -0.5,
      0,
      -0.309017,
      -0.5,
      -0.809017,
      0,
      0,
      0,
      0,
      1
    ],
    [
      -0.309017,
      -0.5,
      -0.809017,
      0,
      0.5,
      -0.809017,
      0.309017,
      0,
      -0.809017,
      -0.309017,
      0.5,
      0,
      0,
      0,
      0,
      1
    ]
  ],
  "lights": {
    "directionalLights": [
      {
        "direction": [
          1,
          -1,
          -1
        ],
        "color": "#EBEBE4"
      },
      {
        "direction": [
          -1,
          0,
          0
        ],
        "color": "#E4E4EB"
      },
      {
        "direction": [
          0,
          0,
          -1
        ],
        "color": "#1E1E1E"
      }
    ],
    "backgroundColor": "#AFC8DC",
    "ambientColor": "#292929"
  },
  "camera": {
    "width": 12.944272212071429,
    "position": {
      "x": 0,
      "y": 0,
      "z": 25.888544424142857
    },
    "nearClipDistance": 2.588854442414286,
    "farClipDistance": 51.777088848285715,
    "upDirection": {
      "x": 0,
      "y": 1,
      "z": 0
    },
    "lookAtPoint": {
      "x": 0,
      "y": 0,
      "z": 0
    },
    "lookDirection": {
      "x": 0,
      "y": 0,
      "z": -1
    },
    "stereo": false,
    "upDirectionRV": {
      "x": 0.21089405,
      "y": 0.96776557,
      "z": -0.13767353,
      "zero": false
    },
    "fieldOfView": 28.072486935852954,
    "viewDistance": 25.888544424142857,
    "perspective": true,
    "lookAtPointRV": {
      "x": 0,
      "y": 0,
      "z": 0,
      "zero": true
    },
    "lookDirectionRV": {
      "x": 0.067748085,
      "y": -0.15497328,
      "z": -0.98559266,
      "zero": false
    }
  },
  "embedding": [
    1,
    0,
    0,
    0,
    0,
    1,
    0,
    0,
    0,
    0,
    1,
    0,
    0,
    0,
    0,
    1
  ],
  "shapes": [
    {
      "id": "5888161e-3f5f-4930-83cd-19bec9625a20",
      "vertices": [
        {
          "x": 0,
          "y": 0,
          "z": 0
        },
        {
          "x": -1.499286638,
          "y": 1.323684034,
          "z": 0
        },
        {
          "x": -1.885074069,
          "y": -0.624217178,
          "z": 0.238429731
        }
      ],
      "faces": [
        {
          "vertices": [
            0,
            1,
            2
          ]
        },
        {
          "vertices": [
            0,
            2,
            1
          ]
        }
      ]
    },
    {
      "id": "10e415cc-74f0-402c-93d4-4d880cd387a1",
      "vertices": [
        {
          "x": 0,
          "y": 0,
          "z": 0
        },
        {
          "x": -0.385787414,
          "y": -1.947901269,
          "z": 0.238429731
        },
        {
          "x": 1.499286638,
          "y": -1.323684034,
          "z": 0
        }
      ],
      "faces": [
        {
          "vertices": [
            0,
            1,
            2
          ]
        },
        {
          "vertices": [
            0,
            2,
            1
          ]
        }
      ]
    },
    {
      "id": "0420bd0c-49d6-451d-9001-d1e61144cb85",
      "vertices": [
        {
          "x": 0,
          "y": 0,
          "z": 0
        },
        {
          "x": 0.463305036,
          "y": -1.521218266,
          "z": 1.212948327
        },
        {
          "x": -0.238429731,
          "y": -1.885074069,
          "z": -0.624217178
        }
      ],
      "faces": [
        {
          "vertices": [
            0,
            1,
            2
          ]
        },
        {
          "vertices": [
            0,
            2,
            1
          ]
        }
      ]
    },
    {
      "id": "90285d7e-f496-44bd-b2df-5706707ed209",
      "vertices": [
        {
          "x": 0,
          "y": 0,
          "z": 0
        },
        {
          "x": -0.238429731,
          "y": 0.385787414,
          "z": 1.947901269
        },
        {
          "x": 0.661841989,
          "y": -1.070882929,
          "z": 2.981159331
        },
        {
          "x": 1.456670303,
          "y": -2.356942039,
          "z": 1.671846598
        },
        {
          "x": 1.047629476,
          "y": -1.695100107,
          "z": -0.170611136
        }
      ],
      "faces": [
        {
          "vertices": [
            0,
            1,
            2,
            3,
            4
          ]
        },
        {
          "vertices": [
            0,
            4,
            3,
            2,
            1
          ]
        }
      ]
    },
    {
      "id": "c12ac7b7-d127-42ff-8ba4-f03f138254df",
      "vertices": [
        {
          "x": 0,
          "y": 0,
          "z": 0
        },
        {
          "x": -0.70173484,
          "y": -0.363855883,
          "z": -1.837165505
        },
        {
          "x": -0.463305036,
          "y": 1.521218266,
          "z": -1.212948327
        }
      ],
      "faces": [
        {
          "vertices": [
            0,
            1,
            2
          ]
        },
        {
          "vertices": [
            0,
            2,
            1
          ]
        }
      ]
    },
    {
      "id": "88fd129b-3697-4e95-b7a3-991cffe3dd73",
      "vertices": [
        {
          "x": 0,
          "y": 0,
          "z": 0
        },
        {
          "x": 1.885074069,
          "y": 0.624217178,
          "z": -0.238429731
        },
        {
          "x": 0.385787414,
          "y": 1.947901269,
          "z": -0.238429731
        }
      ],
      "faces": [
        {
          "vertices": [
            0,
            1,
            2
          ]
        },
        {
          "vertices": [
            0,
            2,
            1
          ]
        }
      ]
    },
    {
      "id": "57dd51f1-4e68-493a-a4c1-47058b5bba6f",
      "vertices": [
        {
          "x": 0,
          "y": 0,
          "z": 0
        },
        {
          "x": 0.238429731,
          "y": 1.885074069,
          "z": 0.624217178
        },
        {
          "x": 0.70173484,
          "y": 0.363855883,
          "z": 1.837165505
        }
      ],
      "faces": [
        {
          "vertices": [
            0,
            1,
            2
          ]
        },
        {
          "vertices": [
            0,
            2,
            1
          ]
        }
      ]
    },
    {
      "id": "3d50e6d0-208f-4840-9652-e0115a5e6dd8",
      "vertices": [
        {
          "x": 0,
          "y": 0,
          "z": 0
        },
        {
          "x": -0.409040867,
          "y": 0.661841989,
          "z": -1.842457677
        },
        {
          "x": -1.456670303,
          "y": 2.356942039,
          "z": -1.671846598
        },
        {
          "x": -1.695100107,
          "y": 2.74272964,
          "z": 0.276054615
        },
        {
          "x": -0.794828258,
          "y": 1.286059167,
          "z": 1.309312733
        }
      ],
      "faces": [
        {
          "vertices": [
            0,
            1,
            2,
            3,
            4
          ]
        },
        {
          "vertices": [
            0,
            4,
            3,
            2,
            1
          ]
        }
      ]
    },
    {
      "id": "e5bb886c-9ece-4b73-8176-4505e8243bab",
      "vertices": [
        {
          "x": 0,
          "y": 0,
          "z": 0
        },
        {
          "x": 0.900271793,
          "y": -1.456670303,
          "z": 1.033258062
        },
        {
          "x": 1.695100107,
          "y": -2.74272964,
          "z": -0.276054615
        },
        {
          "x": 1.286059167,
          "y": -2.080887538,
          "z": -2.118512348
        },
        {
          "x": 0.238429731,
          "y": -0.385787414,
          "z": -1.947901269
        }
      ],
      "faces": [
        {
          "vertices": [
            0,
            1,
            2,
            3,
            4
          ]
        },
        {
          "vertices": [
            0,
            4,
            3,
            2,
            1
          ]
        }
      ]
    },
    {
      "id": "bca589f3-17d8-45a3-ae0d-676395afcfa0",
      "vertices": [
        {
          "x": 0,
          "y": 0,
          "z": 0
        },
        {
          "x": -1.047629476,
          "y": 1.695100107,
          "z": 0.170611136
        },
        {
          "x": -1.286059167,
          "y": 2.080887538,
          "z": 2.118512348
        },
        {
          "x": -0.385787414,
          "y": 0.624217178,
          "z": 3.151770523
        },
        {
          "x": 0.409040867,
          "y": -0.661841989,
          "z": 1.842457677
        }
      ],
      "faces": [
        {
          "vertices": [
            0,
            1,
            2,
            3,
            4
          ]
        },
        {
          "vertices": [
            0,
            4,
            3,
            2,
            1
          ]
        }
      ]
    },
    {
      "id": "2a7c4b88-f348-41b7-9ed6-a12998bcb664",
      "vertices": [
        {
          "x": 0,
          "y": 0,
          "z": 0
        },
        {
          "x": 0.794828258,
          "y": -1.286059167,
          "z": -1.309312733
        },
        {
          "x": 0.385787414,
          "y": -0.624217178,
          "z": -3.151770523
        },
        {
          "x": -0.661841989,
          "y": 1.070882929,
          "z": -2.981159331
        },
        {
          "x": -0.900271793,
          "y": 1.456670303,
          "z": -1.033258062
        }
      ],
      "faces": [
        {
          "vertices": [
            0,
            1,
            2,
            3,
            4
          ]
        },
        {
          "vertices": [
            0,
            4,
            3,
            2,
            1
          ]
        }
      ]
    },
    {
      "id": "ab83c84f-222e-4b68-8bc1-f2bcbc7d2a86",
      "vertices": [
        {
          "x": 0,
          "y": 0,
          "z": 0
        },
        {
          "x": -0.794828258,
          "y": 1.286059167,
          "z": 1.309312733
        },
        {
          "x": -0.385787414,
          "y": 0.624217178,
          "z": 3.151770523
        },
        {
          "x": 0.661841989,
          "y": -1.070882929,
          "z": 2.981159331
        },
        {
          "x": 0.900271793,
          "y": -1.456670303,
          "z": 1.033258062
        }
      ],
      "faces": [
        {
          "vertices": [
            0,
            1,
            2,
            3,
            4
          ]
        },
        {
          "vertices": [
            0,
            4,
            3,
            2,
            1
          ]
        }
      ]
    },
    {
      "id": "7c464548-aff2-40bd-9a69-b685ae00ea12",
      "vertices": [
        {
          "x": 0,
          "y": 0,
          "z": 0
        },
        {
          "x": 1.499286638,
          "y": -1.323684034,
          "z": 0
        },
        {
          "x": 1.885074069,
          "y": 0.624217178,
          "z": -0.238429731
        }
      ],
      "faces": [
        {
          "vertices": [
            0,
            1,
            2
          ]
        },
        {
          "vertices": [
            0,
            2,
            1
          ]
        }
      ]
    },
    {
      "id": "ffa50028-1583-4de2-9d48-49aa96bcc16c",
      "vertices": [
        {
          "x": 0,
          "y": 0,
          "z": 0
        },
        {
          "x": 0.385787414,
          "y": 1.947901269,
          "z": -0.238429731
        },
        {
          "x": -1.499286638,
          "y": 1.323684034,
          "z": 0
        }
      ],
      "faces": [
        {
          "vertices": [
            0,
            1,
            2
          ]
        },
        {
          "vertices": [
            0,
            2,
            1
          ]
        }
      ]
    },
    {
      "id": "6c2bbb42-d5cb-4dd0-a352-d5d4eabb526d",
      "vertices": [
        {
          "x": 0,
          "y": 0,
          "z": 0
        },
        {
          "x": -1.885074069,
          "y": -0.624217178,
          "z": 0.238429731
        },
        {
          "x": -0.385787414,
          "y": -1.947901269,
          "z": 0.238429731
        }
      ],
      "faces": [
        {
          "vertices": [
            0,
            1,
            2
          ]
        },
        {
          "vertices": [
            0,
            2,
            1
          ]
        }
      ]
    },
    {
      "id": "d4fcc3d7-be76-4e9d-976c-de0113143e2a",
      "vertices": [
        {
          "x": 0,
          "y": 0,
          "z": 0
        },
        {
          "x": -0.238429731,
          "y": -1.885074069,
          "z": -0.624217178
        },
        {
          "x": -0.70173484,
          "y": -0.363855883,
          "z": -1.837165505
        }
      ],
      "faces": [
        {
          "vertices": [
            0,
            1,
            2
          ]
        },
        {
          "vertices": [
            0,
            2,
            1
          ]
        }
      ]
    },
    {
      "id": "cebcc546-00fc-432c-986d-92885026550b",
      "vertices": [
        {
          "x": 0,
          "y": 0,
          "z": 0
        },
        {
          "x": 0.70173484,
          "y": 0.363855883,
          "z": 1.837165505
        },
        {
          "x": 0.463305036,
          "y": -1.521218266,
          "z": 1.212948327
        }
      ],
      "faces": [
        {
          "vertices": [
            0,
            1,
            2
          ]
        },
        {
          "vertices": [
            0,
            2,
            1
          ]
        }
      ]
    },
    {
      "id": "5de3c5b4-254f-4744-9c66-51c9141651eb",
      "vertices": [
        {
          "x": 0,
          "y": 0,
          "z": 0
        },
        {
          "x": 1.047629476,
          "y": -1.695100107,
          "z": -0.170611136
        },
        {
          "x": 1.286059167,
          "y": -2.080887538,
          "z": -2.118512348
        },
        {
          "x": 0.385787414,
          "y": -0.624217178,
          "z": -3.151770523
        },
        {
          "x": -0.409040867,
          "y": 0.661841989,
          "z": -1.842457677
        }
      ],
      "faces": [
        {
          "vertices": [
            0,
            1,
            2,
            3,
            4
          ]
        },
        {
          "vertices": [
            0,
            4,
            3,
            2,
            1
          ]
        }
      ]
    },
    {
      "id": "1427c2cd-73d2-406d-8439-5186af367cb0",
      "vertices": [
        {
          "x": 0,
          "y": 0,
          "z": 0
        },
        {
          "x": -0.900271793,
          "y": 1.456670303,
          "z": -1.033258062
        },
        {
          "x": -1.695100107,
          "y": 2.74272964,
          "z": 0.276054615
        },
        {
          "x": -1.286059167,
          "y": 2.080887538,
          "z": 2.118512348
        },
        {
          "x": -0.238429731,
          "y": 0.385787414,
          "z": 1.947901269
        }
      ],
      "faces": [
        {
          "vertices": [
            0,
            1,
            2,
            3,
            4
          ]
        },
        {
          "vertices": [
            0,
            4,
            3,
            2,
            1
          ]
        }
      ]
    },
    {
      "id": "53eb8b55-d103-4561-a0fa-19d67ebf33e4",
      "vertices": [
        {
          "x": 0,
          "y": 0,
          "z": 0
        },
        {
          "x": 0.409040867,
          "y": -0.661841989,
          "z": 1.842457677
        },
        {
          "x": 1.456670303,
          "y": -2.356942039,
          "z": 1.671846598
        },
        {
          "x": 1.695100107,
          "y": -2.74272964,
          "z": -0.276054615
        },
        {
          "x": 0.794828258,
          "y": -1.286059167,
          "z": -1.309312733
        }
      ],
      "faces": [
        {
          "vertices": [
            0,
            1,
            2,
            3,
            4
          ]
        },
        {
          "vertices": [
            0,
            4,
            3,
            2,
            1
          ]
        }
      ]
    },
    {
      "id": "fbc780cc-c43d-47db-b110-dba4e9399d9b",
      "vertices": [
        {
          "x": 0,
          "y": 0,
          "z": 0
        },
        {
          "x": -0.463305036,
          "y": 1.521218266,
          "z": -1.212948327
        },
        {
          "x": 0.238429731,
          "y": 1.885074069,
          "z": 0.624217178
        }
      ],
      "faces": [
        {
          "vertices": [
            0,
            1,
            2
          ]
        },
        {
          "vertices": [
            0,
            2,
            1
          ]
        }
      ]
    },
    {
      "id": "121a55c6-1a36-4f6c-a5fe-2118782f7ca3",
      "vertices": [
        {
          "x": 0,
          "y": 0,
          "z": 0
        },
        {
          "x": 0.238429731,
          "y": -0.385787414,
          "z": -1.947901269
        },
        {
          "x": -0.661841989,
          "y": 1.070882929,
          "z": -2.981159331
        },
        {
          "x": -1.456670303,
          "y": 2.356942039,
          "z": -1.671846598
        },
        {
          "x": -1.047629476,
          "y": 1.695100107,
          "z": 0.170611136
        }
      ],
      "faces": [
        {
          "vertices": [
            0,
            1,
            2,
            3,
            4
          ]
        },
        {
          "vertices": [
            0,
            4,
            3,
            2,
            1
          ]
        }
      ]
    }
  ],
  "instances": [
    {
      "shape": "5888161e-3f5f-4930-83cd-19bec9625a20",
      "color": "#EBEBE7",
      "position": {
        "x": -0.385787414,
        "y": -2.499007437,
        "z": 3.492372874
      },
      "orientation": 28
    },
    {
      "shape": "10e415cc-74f0-402c-93d4-4d880cd387a1",
      "color": "#EBEBE7",
      "position": {
        "x": -1.456670303,
        "y": -2.908048434,
        "z": -2.830530942
      },
      "orientation": 54
    },
    {
      "shape": "0420bd0c-49d6-451d-9001-d1e61144cb85",
      "color": "#FFD98C",
      "position": {
        "x": -3.955677854,
        "y": 1.135430665,
        "z": 1.286059167
      },
      "orientation": 0
    },
    {
      "shape": "90285d7e-f496-44bd-b2df-5706707ed209",
      "color": "#EC888B",
      "position": {
        "x": 1.286059167,
        "y": -3.955677854,
        "z": 1.135430665
      },
      "orientation": 46
    },
    {
      "shape": "c12ac7b7-d127-42ff-8ba4-f03f138254df",
      "color": "#FFD98C",
      "position": {
        "x": -0.385787414,
        "y": 2.499007437,
        "z": -3.492372874
      },
      "orientation": 2
    },
    {
      "shape": "10e415cc-74f0-402c-93d4-4d880cd387a1",
      "color": "#EBEBE7",
      "position": {
        "x": 1.456670303,
        "y": 2.908048434,
        "z": -2.830530942
      },
      "orientation": 24
    },
    {
      "shape": "88fd129b-3697-4e95-b7a3-991cffe3dd73",
      "color": "#EBEBE7",
      "position": {
        "x": -3.955677854,
        "y": 1.135430665,
        "z": 1.286059167
      },
      "orientation": 16
    },
    {
      "shape": "5888161e-3f5f-4930-83cd-19bec9625a20",
      "color": "#EBEBE7",
      "position": {
        "x": -2.908048434,
        "y": 2.830530942,
        "z": 1.456670303
      },
      "orientation": 53
    },
    {
      "shape": "57dd51f1-4e68-493a-a4c1-47058b5bba6f",
      "color": "#FFD98C",
      "position": {
        "x": 0.385787414,
        "y": 2.499007437,
        "z": 3.492372874
      },
      "orientation": 22
    },
    {
      "shape": "3d50e6d0-208f-4840-9652-e0115a5e6dd8",
      "color": "#EC888B",
      "position": {
        "x": -2.499007437,
        "y": -3.492372874,
        "z": 0.385787414
      },
      "orientation": 0
    },
    {
      "shape": "88fd129b-3697-4e95-b7a3-991cffe3dd73",
      "color": "#EBEBE7",
      "position": {
        "x": 1.286059167,
        "y": -3.955677854,
        "z": 1.135430665
      },
      "orientation": 47
    },
    {
      "shape": "5888161e-3f5f-4930-83cd-19bec9625a20",
      "color": "#EBEBE7",
      "position": {
        "x": 0.385787414,
        "y": 2.499007437,
        "z": 3.492372874
      },
      "orientation": 58
    },
    {
      "shape": "5888161e-3f5f-4930-83cd-19bec9625a20",
      "color": "#EBEBE7",
      "position": {
        "x": 2.499007437,
        "y": -3.492372874,
        "z": -0.385787414
      },
      "orientation": 12
    },
    {
      "shape": "88fd129b-3697-4e95-b7a3-991cffe3dd73",
      "color": "#EBEBE7",
      "position": {
        "x": 2.830530942,
        "y": -1.456670303,
        "z": 2.908048434
      },
      "orientation": 36
    },
    {
      "shape": "0420bd0c-49d6-451d-9001-d1e61144cb85",
      "color": "#FFD98C",
      "position": {
        "x": -1.695100107,
        "y": 3.293835921,
        "z": -2.206313707
      },
      "orientation": 5
    },
    {
      "shape": "88fd129b-3697-4e95-b7a3-991cffe3dd73",
      "color": "#EBEBE7",
      "position": {
        "x": 3.293835921,
        "y": -2.206313707,
        "z": -1.695100107
      },
      "orientation": 33
    },
    {
      "shape": "88fd129b-3697-4e95-b7a3-991cffe3dd73",
      "color": "#EBEBE7",
      "position": {
        "x": 1.695100107,
        "y": -3.293835921,
        "z": -2.206313707
      },
      "orientation": 49
    },
    {
      "shape": "10e415cc-74f0-402c-93d4-4d880cd387a1",
      "color": "#EBEBE7",
      "position": {
        "x": -3.955677854,
        "y": 1.135430665,
        "z": 1.286059167
      },
      "orientation": 37
    },
    {
      "shape": "5888161e-3f5f-4930-83cd-19bec9625a20",
      "color": "#EBEBE7",
      "position": {
        "x": 3.293835921,
        "y": 2.206313707,
        "z": 1.695100107
      },
      "orientation": 20
    },
    {
      "shape": "10e415cc-74f0-402c-93d4-4d880cd387a1",
      "color": "#EBEBE7",
      "position": {
        "x": -3.955677854,
        "y": -1.135430665,
        "z": -1.286059167
      },
      "orientation": 52
    },
    {
      "shape": "10e415cc-74f0-402c-93d4-4d880cd387a1",
      "color": "#EBEBE7",
      "position": {
        "x": 3.293835921,
        "y": 2.206313707,
        "z": 1.695100107
      },
      "orientation": 44
    },
    {
      "shape": "88fd129b-3697-4e95-b7a3-991cffe3dd73",
      "color": "#EBEBE7",
      "position": {
        "x": 2.908048434,
        "y": 2.830530942,
        "z": -1.456670303
      },
      "orientation": 22
    },
    {
      "shape": "88fd129b-3697-4e95-b7a3-991cffe3dd73",
      "color": "#EBEBE7",
      "position": {
        "x": -0.661841989,
        "y": 4.194107545,
        "z": -0.749643348
      },
      "orientation": 42
    },
    {
      "shape": "e5bb886c-9ece-4b73-8176-4505e8243bab",
      "color": "#EC888B",
      "position": {
        "x": -0.749643348,
        "y": -0.661841989,
        "z": 4.194107545
      },
      "orientation": 17
    },
    {
      "shape": "10e415cc-74f0-402c-93d4-4d880cd387a1",
      "color": "#EBEBE7",
      "position": {
        "x": 0.749643348,
        "y": -0.661841989,
        "z": -4.194107545
      },
      "orientation": 30
    },
    {
      "shape": "bca589f3-17d8-45a3-ae0d-676395afcfa0",
      "color": "#EC888B",
      "position": {
        "x": -1.456670303,
        "y": -2.908048434,
        "z": -2.830530942
      },
      "orientation": 1
    },
    {
      "shape": "0420bd0c-49d6-451d-9001-d1e61144cb85",
      "color": "#FFD98C",
      "position": {
        "x": 3.293835921,
        "y": -2.206313707,
        "z": -1.695100107
      },
      "orientation": 4
    },
    {
      "shape": "3d50e6d0-208f-4840-9652-e0115a5e6dd8",
      "color": "#EC888B",
      "position": {
        "x": -2.499007437,
        "y": 3.492372874,
        "z": -0.385787414
      },
      "orientation": 15
    },
    {
      "shape": "10e415cc-74f0-402c-93d4-4d880cd387a1",
      "color": "#EBEBE7",
      "position": {
        "x": -3.492372874,
        "y": 0.385787414,
        "z": -2.499007437
      },
      "orientation": 35
    },
    {
      "shape": "5888161e-3f5f-4930-83cd-19bec9625a20",
      "color": "#EBEBE7",
      "position": {
        "x": -3.293835921,
        "y": -2.206313707,
        "z": 1.695100107
      },
      "orientation": 50
    },
    {
      "shape": "10e415cc-74f0-402c-93d4-4d880cd387a1",
      "color": "#EBEBE7",
      "position": {
        "x": 2.830530942,
        "y": -1.456670303,
        "z": 2.908048434
      },
      "orientation": 25
    },
    {
      "shape": "88fd129b-3697-4e95-b7a3-991cffe3dd73",
      "color": "#EBEBE7",
      "position": {
        "x": -1.286059167,
        "y": -3.955677854,
        "z": -1.135430665
      },
      "orientation": 2
    },
    {
      "shape": "bca589f3-17d8-45a3-ae0d-676395afcfa0",
      "color": "#EC888B",
      "position": {
        "x": 2.908048434,
        "y": 2.830530942,
        "z": -1.456670303
      },
      "orientation": 30
    },
    {
      "shape": "10e415cc-74f0-402c-93d4-4d880cd387a1",
      "color": "#EBEBE7",
      "position": {
        "x": 1.286059167,
        "y": -3.955677854,
        "z": 1.135430665
      },
      "orientation": 23
    },
    {
      "shape": "0420bd0c-49d6-451d-9001-d1e61144cb85",
      "color": "#FFD98C",
      "position": {
        "x": 3.293835921,
        "y": 2.206313707,
        "z": 1.695100107
      },
      "orientation": 19
    },
    {
      "shape": "10e415cc-74f0-402c-93d4-4d880cd387a1",
      "color": "#EBEBE7",
      "position": {
        "x": 0.385787414,
        "y": 2.499007437,
        "z": 3.492372874
      },
      "orientation": 34
    },
    {
      "shape": "3d50e6d0-208f-4840-9652-e0115a5e6dd8",
      "color": "#EC888B",
      "position": {
        "x": -3.492372874,
        "y": 0.385787414,
        "z": -2.499007437
      },
      "orientation": 2
    },
    {
      "shape": "c12ac7b7-d127-42ff-8ba4-f03f138254df",
      "color": "#FFD98C",
      "position": {
        "x": 2.830530942,
        "y": -1.456670303,
        "z": 2.908048434
      },
      "orientation": 54
    },
    {
      "shape": "0420bd0c-49d6-451d-9001-d1e61144cb85",
      "color": "#FFD98C",
      "position": {
        "x": 3.955677854,
        "y": -1.135430665,
        "z": 1.286059167
      },
      "orientation": 30
    },
    {
      "shape": "5888161e-3f5f-4930-83cd-19bec9625a20",
      "color": "#EBEBE7",
      "position": {
        "x": 0.749643348,
        "y": -0.661841989,
        "z": -4.194107545
      },
      "orientation": 0
    },
    {
      "shape": "5888161e-3f5f-4930-83cd-19bec9625a20",
      "color": "#EBEBE7",
      "position": {
        "x": 2.830530942,
        "y": -1.456670303,
        "z": 2.908048434
      },
      "orientation": 7
    },
    {
      "shape": "0420bd0c-49d6-451d-9001-d1e61144cb85",
      "color": "#FFD98C",
      "position": {
        "x": 1.456670303,
        "y": 2.908048434,
        "z": -2.830530942
      },
      "orientation": 39
    },
    {
      "shape": "88fd129b-3697-4e95-b7a3-991cffe3dd73",
      "color": "#EBEBE7",
      "position": {
        "x": -1.456670303,
        "y": -2.908048434,
        "z": -2.830530942
      },
      "orientation": 38
    },
    {
      "shape": "c12ac7b7-d127-42ff-8ba4-f03f138254df",
      "color": "#FFD98C",
      "position": {
        "x": 3.955677854,
        "y": 1.135430665,
        "z": -1.286059167
      },
      "orientation": 38
    },
    {
      "shape": "10e415cc-74f0-402c-93d4-4d880cd387a1",
      "color": "#EBEBE7",
      "position": {
        "x": -0.385787414,
        "y": -2.499007437,
        "z": 3.492372874
      },
      "orientation": 4
    },
    {
      "shape": "88fd129b-3697-4e95-b7a3-991cffe3dd73",
      "color": "#EBEBE7",
      "position": {
        "x": -2.499007437,
        "y": -3.492372874,
        "z": 0.385787414
      },
      "orientation": 26
    },
    {
      "shape": "c12ac7b7-d127-42ff-8ba4-f03f138254df",
      "color": "#FFD98C",
      "position": {
        "x": -0.385787414,
        "y": -2.499007437,
