{
  "polygons": "true",
  "field": "golden",
  "symmetry": "icosahedral",
  "orientations": [
    [
      1,
      0,
      0,
      0,
      0,
      1,
      0,
      0,
      0,
      0,
      1,
      0,
      0,
      0,
      0,
      1
    ],
    [
      0,
      0,
      1,
      0,
      1,
      0,
      0,
      0,
      0,
      1,
      0,
      0,
      0,
      0,
      0,
      1
    ],
    [
      0,
      1,
      0,
      0,
      0,
      0,
      1,
      0,
      1,
      0,
      0,
      0,
      0,
      0,
      0,
      1
    ],
    [
      0.809017,
      0.309017,
      0.5,
      0,
      0.309017,
      0.5,
      -0.809017,
      0,
      -0.5,
      0.809017,
      0.309017,
      0,
      0,
      0,
      0,
      1
    ],
    [
      -0.5,
      0.809017,
      0.309017,
      0,
      0.809017,
      0.309017,
      0.5,
      0,
      0.309017,
      0.5,
      -0.809017,
      0,
      0,
      0,
      0,
      1
    ],
    [
      0.309017,
      0.5,
      -0.809017,
      0,
      -0.5,
      0.809017,
      0.309017,
      0,
      0.809017,
      0.309017,
      0.5,
      0,
      0,
      0,
      0,
      1
    ],
    [
      0.5,
      0.809017,
      0.309017,
      0,
      0.809017,
      -0.309017,
      -0.5,
      0,
      -0.309017,
      0.5,
      -0.809017,
      0,
      0,
      0,
      0,
      1
    ],
    [
      -0.309017,
      0.5,
      -0.809017,
      0,
      0.5,
      0.809017,
      0.309017,
      0,
      0.809017,
      -0.309017,
      -0.5,
      0,
      0,
      0,
      0,
      1
    ],
    [
      0.809017,
      -0.309017,
      -0.5,
      0,
      -0.309017,
      0.5,
      -0.809017,
      0,
      0.5,
      0.809017,
      0.309017,
      0,
      0,
      0,
      0,
      1
    ],
    [
      0.5,
      0.809017,
      -0.309017,
      0,
      0.809017,
      -0.309017,
      0.5,
      0,
      0.309017,
      -0.5,
      -0.809017,
      0,
      0,
      0,
      0,
      1
    ],
    [
      0.309017,
      -0.5,
      -0.809017,
      0,
      0.5,
      0.809017,
      -0.309017,
      0,
      0.809017,
      -0.309017,
      0.5,
      0,
      0,
      0,
      0,
      1
    ],
    [
      0.809017,
      -0.309017,
      0.5,
      0,
      0.309017,
      -0.5,
      -0.809017,
      0,
      0.5,
      0.809017,
      -0.309017,
      0,
      0,
      0,
      0,
      1
    ],
    [
      0.809017,
      0.309017,
      -0.5,
      0,
      0.309017,
      0.5,
      0.809017,
      0,
      0.5,
      -0.809017,
      0.309017,
      0,
      0,
      0,
      0,
      1
    ],
    [
      0.5,
      -0.809017,
      0.309017,
      0,
      0.809017,
      0.309017,
      -0.5,
      0,
      0.309017,
      0.5,
      0.809017,
      0,
      0,
      0,
      0,
      1
    ],
    [
      0.309017,
      0.5,
      0.809017,
      0,
      0.5,
      -0.809017,
      0.309017,
      0,
      0.809017,
      0.309017,
      -0.5,
      0,
      0,
      0,
      0,
      1
    ],
    [
      1,
      0,
      0,
      0,
      0,
      -1,
      0,
      0,
      0,
      0,
      -1,
      0,
      0,
      0,
      0,
      1
    ],
    [
      0,
      0,
      1,
      0,
      -1,
      0,
      0,
      0,
      0,
      -1,
      0,
      0,
      0,
      0,
      0,
      1
    ],
    [
      0,
      1,
      0,
      0,
      0,
      0,
      -1,
      0,
      -1,
      0,
      0,
      0,
      0,
      0,
      0,
      1
    ],
    [
      0.809017,
      0.309017,
      0.5,
      0,
      -0.309017,
      -0.5,
      0.809017,
      0,
      0.5,
      -0.809017,
      -0.309017,
      0,
      0,
      0,
      0,
      1
    ],
    [
      -0.5,
      0.809017,
      0.309017,
      0,
      -0.809017,
      -0.309017,
      -0.5,
      0,
      -0.309017,
      -0.5,
      0.809017,
      0,
      0,
      0,
      0,
      1
    ],
    [
      0.309017,
      0.5,
      -0.809017,
      0,
      0.5,
      -0.809017,
      -0.309017,
      0,
      -0.809017,
      -0.309017,
      -0.5,
      0,
      0,
      0,
      0,
      1
    ],
    [
      0.5,
      0.809017,
      0.309017,
      0,
      -0.809017,
      0.309017,
      0.5,
      0,
      0.309017,
      -0.5,
      0.809017,
      0,
      0,
      0,
      0,
      1
    ],
    [
      -0.309017,
      0.5,
      -0.809017,
      0,
      -0.5,
      -0.809017,
      -0.309017,
      0,
      -0.809017,
      0.309017,
      0.5,
      0,
      0,
      0,
      0,
      1
    ],
    [
      0.809017,
      -0.309017,
      -0.5,
      0,
      0.309017,
      -0.5,
      0.809017,
      0,
      -0.5,
      -0.809017,
      -0.309017,
      0,
      0,
      0,
      0,
      1
    ],
    [
      0.5,
      0.809017,
      -0.309017,
      0,
      -0.809017,
      0.309017,
      -0.5,
      0,
      -0.309017,
      0.5,
      0.809017,
      0,
      0,
      0,
      0,
      1
    ],
    [
      0.309017,
      -0.5,
      -0.809017,
      0,
      -0.5,
      -0.809017,
      0.309017,
      0,
      -0.809017,
      0.309017,
      -0.5,
      0,
      0,
      0,
      0,
      1
    ],
    [
      0.809017,
      -0.309017,
      0.5,
      0,
      -0.309017,
      0.5,
      0.809017,
      0,
      -0.5,
      -0.809017,
      0.309017,
      0,
      0,
      0,
      0,
      1
    ],
    [
      0.809017,
      0.309017,
      -0.5,
      0,
      -0.309017,
      -0.5,
      -0.809017,
      0,
      -0.5,
      0.809017,
      -0.309017,
      0,
      0,
      0,
      0,
      1
    ],
    [
      0.5,
      -0.809017,
      0.309017,
      0,
      -0.809017,
      -0.309017,
      0.5,
      0,
      -0.309017,
      -0.5,
      -0.809017,
      0,
      0,
      0,
      0,
      1
    ],
    [
      0.309017,
      0.5,
      0.809017,
      0,
      -0.5,
      0.809017,
      -0.309017,
      0,
      -0.809017,
      -0.309017,
      0.5,
      0,
      0,
      0,
      0,
      1
    ],
    [
      -1,
      0,
      0,
      0,
      0,
      -1,
      0,
      0,
      0,
      0,
      1,
      0,
      0,
      0,
      0,
      1
    ],
    [
      0,
      0,
      -1,
      0,
      -1,
      0,
      0,
      0,
      0,
      1,
      0,
      0,
      0,
      0,
      0,
      1
    ],
    [
      0,
      -1,
      0,
      0,
      0,
      0,
      -1,
      0,
      1,
      0,
      0,
      0,
      0,
      0,
      0,
      1
    ],
    [
      -0.809017,
      -0.309017,
      -0.5,
      0,
      -0.309017,
      -0.5,
      0.809017,
      0,
      -0.5,
      0.809017,
      0.309017,
      0,
      0,
      0,
      0,
      1
    ],
    [
      0.5,
      -0.809017,
      -0.309017,
      0,
      -0.809017,
      -0.309017,
      -0.5,
      0,
      0.309017,
      0.5,
      -0.809017,
      0,
      0,
      0,
      0,
      1
    ],
    [
      -0.309017,
      -0.5,
      0.809017,
      0,
      0.5,
      -0.809017,
      -0.309017,
      0,
      0.809017,
      0.309017,
      0.5,
      0,
      0,
      0,
      0,
      1
    ],
    [
      -0.5,
      -0.809017,
      -0.309017,
      0,
      -0.809017,
      0.309017,
      0.5,
      0,
      -0.309017,
      0.5,
      -0.809017,
      0,
      0,
      0,
      0,
      1
    ],
    [
      0.309017,
      -0.5,
      0.809017,
      0,
      -0.5,
      -0.809017,
      -0.309017,
      0,
      0.809017,
      -0.309017,
      -0.5,
      0,
      0,
      0,
      0,
      1
    ],
    [
      -0.809017,
      0.309017,
      0.5,
      0,
      0.309017,
      -0.5,
      0.809017,
      0,
      0.5,
      0.809017,
      0.309017,
      0,
      0,
      0,
      0,
      1
    ],
    [
      -0.5,
      -0.809017,
      0.309017,
      0,
      -0.809017,
      0.309017,
      -0.5,
      0,
      0.309017,
      -0.5,
      -0.809017,
      0,
      0,
      0,
      0,
      1
    ],
    [
      -0.309017,
      0.5,
      0.809017,
      0,
      -0.5,
      -0.809017,
      0.309017,
      0,
      0.809017,
      -0.309017,
      0.5,
      0,
      0,
      0,
      0,
      1
    ],
    [
      -0.809017,
      0.309017,
      -0.5,
      0,
      -0.309017,
      0.5,
      0.809017,
      0,
      0.5,
      0.809017,
      -0.309017,
      0,
      0,
      0,
      0,
      1
    ],
    [
      -0.809017,
      -0.309017,
      0.5,
      0,
      -0.309017,
      -0.5,
      -0.809017,
      0,
      0.5,
      -0.809017,
      0.309017,
      0,
      0,
      0,
      0,
      1
    ],
    [
      -0.5,
      0.809017,
      -0.309017,
      0,
      -0.809017,
      -0.309017,
      0.5,
      0,
      0.309017,
      0.5,
      0.809017,
      0,
      0,
      0,
      0,
      1
    ],
    [
      -0.309017,
      -0.5,
      -0.809017,
      0,
      -0.5,
      0.809017,
      -0.309017,
      0,
      0.809017,
      0.309017,
      -0.5,
      0,
      0,
      0,
      0,
      1
    ],
    [
      -1,
      0,
      0,
      0,
      0,
      1,
      0,
      0,
      0,
      0,
      -1,
      0,
      0,
      0,
      0,
      1
    ],
    [
      0,
      0,
      -1,
      0,
      1,
      0,
      0,
      0,
      0,
      -1,
      0,
      0,
      0,
      0,
      0,
      1
    ],
    [
      0,
      -1,
      0,
      0,
      0,
      0,
      1,
      0,
      -1,
      0,
      0,
      0,
      0,
      0,
      0,
      1
    ],
    [
      -0.809017,
      -0.309017,
      -0.5,
      0,
      0.309017,
      0.5,
      -0.809017,
      0,
      0.5,
      -0.809017,
      -0.309017,
      0,
      0,
      0,
      0,
      1
    ],
    [
      0.5,
      -0.809017,
      -0.309017,
      0,
      0.809017,
      0.309017,
      0.5,
      0,
      -0.309017,
      -0.5,
      0.809017,
      0,
      0,
      0,
      0,
      1
    ],
    [
      -0.309017,
      -0.5,
      0.809017,
      0,
      -0.5,
      0.809017,
      0.309017,
      0,
      -0.809017,
      -0.309017,
      -0.5,
      0,
      0,
      0,
      0,
      1
    ],
    [
      -0.5,
      -0.809017,
      -0.309017,
      0,
      0.809017,
      -0.309017,
      -0.5,
      0,
      0.309017,
      -0.5,
      0.809017,
      0,
      0,
      0,
      0,
      1
    ],
    [
      0.309017,
      -0.5,
      0.809017,
      0,
      0.5,
      0.809017,
      0.309017,
      0,
      -0.809017,
      0.309017,
      0.5,
      0,
      0,
      0,
      0,
      1
    ],
    [
      -0.809017,
      0.309017,
      0.5,
      0,
      -0.309017,
      0.5,
      -0.809017,
      0,
      -0.5,
      -0.809017,
      -0.309017,
      0,
      0,
      0,
      0,
      1
    ],
    [
      -0.5,
      -0.809017,
      0.309017,
      0,
      0.809017,
      -0.309017,
      0.5,
      0,
      -0.309017,
      0.5,
      0.809017,
      0,
      0,
      0,
      0,
      1
    ],
    [
      -0.309017,
      0.5,
      0.809017,
      0,
      0.5,
      0.809017,
      -0.309017,
      0,
      -0.809017,
      0.309017,
      -0.5,
      0,
      0,
      0,
      0,
      1
    ],
    [
      -0.809017,
      0.309017,
      -0.5,
      0,
      0.309017,
      -0.5,
      -0.809017,
      0,
      -0.5,
      -0.809017,
      0.309017,
      0,
      0,
      0,
      0,
      1
    ],
    [
      -0.809017,
      -0.309017,
      0.5,
      0,
      0.309017,
      0.5,
      0.809017,
      0,
      -0.5,
      0.809017,
      -0.309017,
      0,
      0,
      0,
      0,
      1
    ],
    [
      -0.5,
      0.809017,
      -0.309017,
      0,
      0.809017,
      0.309017,
      -0.5,
      0,
      -0.309017,
      -0.5,
      -0.809017,
      0,
      0,
      0,
      0,
      1
    ],
    [
      -0.309017,
      -0.5,
      -0.809017,
      0,
      0.5,
      -0.809017,
      0.309017,
      0,
      -0.809017,
      -0.309017,
      0.5,
      0,
      0,
      0,
      0,
      1
    ]
  ],
  "lights": {
    "directionalLights": [
      {
        "direction": [
          1,
          -1,
          -1
        ],
        "color": "#EBEBE4"
      },
      {
        "direction": [
          -1,
          0,
          0
        ],
        "color": "#E4E4EB"
      },
      {
        "direction": [
          0,
          0,
          -1
        ],
        "color": "#1E1E1E"
      }
    ],
    "backgroundColor": "#AFC8DC",
    "ambientColor": "#292929"
  },
  "camera": {
    "nearClipDistance": 3.199999994491258,
    "lookAtPoint": {
      "x": 0,
      "y": 0,
      "z": 0
    },
    "lookDirection": {
      "x": 0,
      "y": 0,
      "z": -1
    },
    "upDirection": {
      "x": 0,
      "y": 1,
      "z": 0
    },
    "stereo": false,
    "farClipDistance": 63.999999889825155,
    "position": {
      "x": 0,
      "y": 0,
      "z": 31.999999944912577
    },
    "width": 15.999999972456289,
    "perspective": true,
    "lookDirectionRV": {
      "x": 0.6784832,
      "y": -0.6313273,
      "z": -0.37561533,
      "zero": false
    },
    "lookAtPointRV": {
      "x": 0,
      "y": 0,
      "z": 0,
      "zero": true
    },
    "fieldOfView": 28.072486935852954,
    "viewDistance": 31.999999944912577,
    "upDirectionRV": {
      "x": 0.6880346,
      "y": 0.7252884,
      "z": 0.023763271,
      "zero": false
    }
  },
  "embedding": [
    1,
    0,
    0,
    0,
    0,
    1,
    0,
    0,
    0,
    0,
    1,
    0,
    0,
    0,
    0,
    1
  ],
  "shapes": [
    {
      "id": "8655b5f2-bbbc-4e21-80a8-54b46d414ddf",
      "orbit": "green",
      "orbitC": "[[2,-1,1],[5,-3,1]]",
      "length": "[-1,1,1]",
      "name": "g0",
      "vertices": [
        {
          "x": 0.218508012,
          "y": 0.16692527,
          "z": 0.083462635
        },
        {
          "x": 0.488598767,
          "y": 0.135045378,
          "z": 0
        },
        {
          "x": 0.437016025,
          "y": 0.218508012,
          "z": -0.031879889
        },
        {
          "x": 0.270090755,
          "y": 0.083462635,
          "z": 0.051582745
        },
        {
          "x": 0.270090755,
          "y": 0.083462635,
          "z": -0.051582745
        },
        {
          "x": 0.488598767,
          "y": 0.135045378,
          "z": -0.103165491
        },
        {
          "x": 1.851229584,
          "y": 0.70710678,
          "z": -0.270090755
        },
        {
          "x": 1.647353819,
          "y": 0.51650603,
          "z": -0.270090755
        },
        {
          "x": 1.716184207,
          "y": 0.603941294,
          "z": -0.321673498
        },
        {
          "x": 1.627391736,
          "y": 0.548805319,
          "z": -0.322352101
        },
        {
          "x": 1.59509242,
          "y": 0.601066664,
          "z": -0.302390044
        },
        {
          "x": 1.684304314,
          "y": 0.655524037,
          "z": -0.301970647
        },
        {
          "x": 1.632721572,
          "y": 0.54018151,
          "z": -0.35355339
        },
        {
          "x": 1.414213559,
          "y": 0.488598767,
          "z": -0.238210863
        },
        {
          "x": 1.362630817,
          "y": 0.572061402,
          "z": -0.270090755
        },
        {
          "x": 1.362630817,
          "y": 0.572061402,
          "z": -0.16692527
        },
        {
          "x": 0.437016025,
          "y": 0.218508012,
          "z": -0.135045377
        },
        {
          "x": 0.18662812,
          "y": 0.218508012,
          "z": 0
        },
        {
          "x": 0.218508012,
          "y": 0.16692527,
          "z": -0.083462635
        },
        {
          "x": 0.223837829,
          "y": 0.158301442,
          "z": -0.052261348
        },
        {
          "x": 0.203875765,
          "y": 0.190600739,
          "z": 0
        },
        {
          "x": 1.664601464,
          "y": 0.488598767,
          "z": -0.270090755
        },
        {
          "x": 1.581138829,
          "y": 0.623644145,
          "z": -0.218508012
        },
        {
          "x": 1.581138829,
          "y": 0.623644145,
          "z": -0.321673498
        },
        {
          "x": 1.632721572,
          "y": 0.54018151,
          "z": -0.18662812
        },
        {
          "x": 1.627391736,
          "y": 0.548805319,
          "z": -0.217829409
        },
        {
          "x": 1.414213559,
          "y": 0.488598767,
          "z": -0.135045377
        },
        {
          "x": 1.684304314,
          "y": 0.655524037,
          "z": -0.238210863
        },
        {
          "x": 1.59509242,
          "y": 0.601066664,
          "z": -0.237791466
        },
        {
          "x": 1.716184207,
          "y": 0.603941294,
          "z": -0.218508012
        },
        {
          "x": 0.25613711,
          "y": 0.106040094,
          "z": 0.032299288
        },
        {
          "x": 0.25613711,
          "y": 0.106040094,
          "z": -0.032299288
        },
        {
          "x": 1.735887057,
          "y": 0.572061402,
          "z": -0.270090755
        },
        {
          "x": 0.115342522,
          "y": 0.135045378,
          "z": 0
        },
        {
          "x": 0.135045378,
          "y": 0.103165491,
          "z": 0.051582745
        },
        {
          "x": 0.223837829,
          "y": 0.158301442,
          "z": 0.052261348
        },
        {
          "x": 0.16692527,
          "y": 0.051582745,
          "z": 0.031879889
        },
        {
          "x": 0.16692527,
          "y": 0.051582745,
          "z": -0.031879889
        },
        {
          "x": 0.135045378,
          "y": 0.103165491,
          "z": -0.051582745
        }
      ],
      "faces": [
        {
          "vertices": [
            0,
            1,
            2
          ]
        },
        {
          "vertices": [
            0,
            3,
            1
          ]
        },
        {
          "vertices": [
            3,
            30,
            31,
            4
          ]
        },
        {
          "vertices": [
            0,
            35,
            30,
            3
          ]
        },
        {
          "vertices": [
            30,
            36,
            37,
            31
          ]
        },
        {
          "vertices": [
            21,
            24,
            26
          ]
        },
        {
          "vertices": [
            30,
            35,
            34,
            36
          ]
        },
        {
          "vertices": [
            0,
            17,
            20,
            35
          ]
        },
        {
          "vertices": [
            4,
            31,
            19,
            18
          ]
        },
        {
          "vertices": [
            17,
            18,
            19,
            20
          ]
        },
        {
          "vertices": [
            14,
            15,
            22,
            23
          ]
        },
        {
          "vertices": [
            10,
            28,
            27,
            11
          ]
        },
        {
          "vertices": [
            1,
            3,
            4,
            5
          ]
        },
        {
          "vertices": [
            7,
            25,
            24,
            21
          ]
        },
        {
          "vertices": [
            0,
            2,
            17
          ]
        },
        {
          "vertices": [
            10,
            23,
            22,
            28
          ]
        },
        {
          "vertices": [
            15,
            26,
            24,
            22
          ]
        },
        {
          "vertices": [
            7,
            32,
            29,
            25
          ]
        },
        {
          "vertices": [
            2,
            16,
            17
          ]
        },
        {
          "vertices": [
            22,
            24,
            25,
            28
          ]
        },
        {
          "vertices": [
            8,
            9,
            10,
            11
          ]
        },
        {
          "vertices": [
            12,
            13,
            14
          ]
        },
        {
          "vertices": [
            4,
            18,
            16,
            5
          ]
        },
        {
          "vertices": [
            8,
            11,
            27,
            29,
            32
          ]
        },
        {
          "vertices": [
            1,
            26,
            15,
            2
          ]
        },
        {
          "vertices": [
            25,
            29,
            27,
            28
          ]
        },
        {
          "vertices": [
            1,
            5,
            13,
            26
          ]
        },
        {
          "vertices": [
            12,
            21,
            13
          ]
        },
        {
          "vertices": [
            19,
            38,
            33,
            20
          ]
        },
        {
          "vertices": [
            2,
            15,
            14,
            16
          ]
        },
        {
          "vertices": [
            5,
            16,
            14,
            13
          ]
        },
        {
          "vertices": [
            12,
            14,
            23
          ]
        },
        {
          "vertices": [
            7,
            21,
            12,
            9
          ]
        },
        {
          "vertices": [
            33,
            38,
            37,
            36,
            34
          ]
        },
        {
          "vertices": [
            16,
            18,
            17
          ]
        },
        {
          "vertices": [
            9,
            12,
            23,
            10
          ]
        },
        {
          "vertices": [
            7,
            9,
            8,
            32
          ]
        },
        {
          "vertices": [
            20,
            33,
            34,
            35
          ]
        },
        {
          "vertices": [
            13,
            21,
            26
          ]
        },
        {
          "vertices": [
            19,
            31,
            37,
            38
          ]
        }
      ]
    },
    {
      "id": "48210b65-2f20-4d18-b2e5-46778959a48d",
      "vertices": [
        {
          "x": 0,
          "y": 0,
          "z": 0
        },
        {
          "x": 0.437016025,
          "y": -1.581138829,
          "z": 1.144122804
        },
        {
          "x": -0.270090755,
          "y": -1.851229584,
          "z": -0.70710678
        }
      ],
      "faces": [
        {
          "vertices": [
            0,
            1,
            2
          ]
        },
        {
          "vertices": [
            0,
            2,
            1
          ]
        }
      ]
    },
    {
      "id": "110a43c1-663f-4d1c-a74c-aed67382292b",
      "name": "ball",
      "vertices": [
        {
          "x": -0.198805148,
          "y": 0.18662812,
          "z": 0
        },
        {
          "x": -0.115342522,
          "y": 0.135045378,
          "z": 0
        },
        {
          "x": -0.135045377,
          "y": 0.103165491,
          "z": 0.051582745
        },
        {
          "x": -0.218508012,
          "y": 0.154748228,
          "z": 0.051582745
        },
        {
          "x": 0.198805148,
          "y": -0.18662812,
          "z": 0
        },
        {
          "x": 0.195930559,
          "y": -0.203456368,
          "z": 0
        },
        {
          "x": 0.221382615,
          "y": -0.162274064,
          "z": -0.066634385
        },
        {
          "x": 0.218508012,
          "y": -0.154748228,
          "z": -0.051582745
        },
        {
          "x": 0.154748228,
          "y": -0.051582745,
          "z": -0.218508012
        },
        {
          "x": 0.103165491,
          "y": -0.051582745,
          "z": -0.135045377
        },
        {
          "x": 0.135045378,
          "y": 0,
          "z": -0.115342522
        },
        {
          "x": 0.18662812,
          "y": 0,
          "z": -0.198805148
        },
        {
          "x": 0.260788343,
          "y": 0.051582745,
          "z": -0.031879889
        },
        {
          "x": 0.16692527,
          "y": 0.051582745,
          "z": -0.031879889
        },
        {
          "x": 0.16692527,
          "y": -0.051582745,
          "z": -0.031879889
        },
        {
          "x": 0.260788343,
          "y": -0.051582745,
          "z": -0.031879889
        },
        {
          "x": -0.218508012,
          "y": 0.16692527,
          "z": -0.083462635
        },
        {
          "x": -0.204893683,
          "y": 0.164599653,
          "z": -0.099402576
        },
        {
          "x": -0.164599653,
          "y": 0.099402576,
          "z": -0.204893683
        },
        {
          "x": -0.16692527,
          "y": 0.083462635,
          "z": -0.218508012
        },
        {
          "x": -0.051582745,
          "y": 0.218508012,
          "z": -0.154748228
        },
        {
          "x": -0.066634385,
          "y": 0.221382615,
          "z": -0.162274064
        },
        {
          "x": -0.041182317,
          "y": 0.262564935,
          "z": -0.095639666
        },
        {
          "x": -0.031879889,
          "y": 0.250387905,
          "z": -0.103165491
        },
        {
          "x": -0.031879889,
          "y": -0.260788343,
          "z": 0.051582745
        },
        {
          "x": 0.031879889,
          "y": -0.260788343,
          "z": 0.051582745
        },
        {
          "x": 0.036531103,
          "y": -0.270090755,
          "z": 0.059108565
        },
        {
          "x": -0.036531103,
          "y": -0.270090755,
          "z": 0.059108565
        },
        {
          "x": -0.18662812,
          "y": -0.154748228,
          "z": 0.103165491
        },
        {
          "x": -0.135045377,
          "y": -0.103165491,
          "z": 0.051582745
        },
        {
          "x": -0.103165491,
          "y": -0.051582745,
          "z": 0.135045378
        },
        {
          "x": -0.154748228,
          "y": -0.103165491,
          "z": 0.18662812
        },
        {
          "x": 0.260788343,
          "y": 0.051582745,
          "z": 0.031879889
        },
        {
          "x": 0.270090755,
          "y": 0.059108565,
          "z": -0.036531103
        },
        {
          "x": 0.270090755,
          "y": 0.059108565,
          "z": 0.036531103
        },
        {
          "x": -0.270090755,
          "y": -0.083462635,
          "z": 0.051582745
        },
        {
          "x": -0.266327837,
          "y": -0.065197083,
          "z": 0.061434171
        },
        {
          "x": -0.266327837,
          "y": 0.065197083,
          "z": 0.061434171
        },
        {
          "x": -0.270090755,
          "y": 0.083462635,
          "z": 0.051582745
        },
        {
          "x": -0.080588027,
          "y": 0.078811418,
          "z": 0.242862069
        },
        {
          "x": -0.132170769,
          "y": 0.098514274,
          "z": 0.210982193
        },
        {
          "x": -0.142571197,
          "y": 0.098514274,
          "z": 0.218508012
        },
        {
          "x": -0.083462635,
          "y": 0.075936815,
          "z": 0.25503911
        },
        {
          "x": -0.103165491,
          "y": 0.18662812,
          "z": 0.154748228
        },
        {
          "x": -0.051582745,
          "y": 0.135045378,
          "z": 0.103165491
        },
        {
          "x": -0.103165491,
          "y": 0.051582745,
          "z": 0.135045378
        },
        {
          "x": -0.154748228,
          "y": 0.103165491,
          "z": 0.18662812
        },
        {
          "x": -0.051582745,
          "y": 0.135045378,
          "z": -0.103165491
        },
        {
          "x": 0,
          "y": 0.115342522,
          "z": -0.135045377
        },
        {
          "x": 0,
          "y": 0.198805148,
          "z": -0.18662812
        },
        {
          "x": -0.218508012,
          "y": 0.024354068,
          "z": 0.171576476
        },
        {
          "x": -0.210982193,
          "y": 0.029005281,
          "z": 0.162274064
        },
        {
          "x": -0.242862069,
          "y": 0.080588027,
          "z": 0.078811418
        },
        {
          "x": -0.25503911,
          "y": 0.083462635,
          "z": 0.075936815
        },
        {
          "x": 0,
          "y": 0.147222406,
          "z": 0.218508012
        },
        {
          "x": 0,
          "y": 0.115342522,
          "z": 0.135045378
        },
        {
          "x": 0.051582745,
          "y": 0.031879889,
          "z": 0.16692527
        },
        {
          "x": 0.051582745,
          "y": 0.063759779,
          "z": 0.250387905
        },
        {
          "x": 0.051582745,
          "y": -0.218508012,
          "z": 0.154748228
        },
        {
          "x": 0.051582745,
          "y": -0.135045377,
          "z": 0.103165491
        },
        {
          "x": 0.031879889,
          "y": -0.16692527,
          "z": 0.051582745
        },
        {
          "x": 0.031879889,
          "y": -0.250387905,
          "z": 0.103165491
        },
        {
          "x": 0.181976914,
          "y": 0.083462635,
          "z": 0.19415394
        },
        {
          "x": 0.179102301,
          "y": 0.080588027,
          "z": 0.181976914
        },
        {
          "x": 0.210982193,
          "y": 0.132170769,
          "z": 0.098514274
        },
        {
          "x": 0.218508012,
          "y": 0.142571197,
          "z": 0.098514274
        },
        {
          "x": 0.181976914,
          "y": -0.179102301,
          "z": -0.080588027
        },
        {
          "x": 0.135045378,
          "y": -0.103165491,
          "z": -0.051582745
        },
        {
          "x": 0.051582745,
          "y": -0.135045377,
          "z": -0.103165491
        },
        {
          "x": 0.098514274,
          "y": -0.210982193,
          "z": -0.132170769
        },
        {
          "x": -0.051582745,
          "y": 0.218508012,
          "z": 0.154748228
        },
        {
          "x": -0.066634385,
          "y": 0.221382615,
          "z": 0.162274064
        },
        {
          "x": 0,
          "y": 0.195930559,
          "z": 0.203456368
        },
        {
          "x": 0,
          "y": 0.198805148,
          "z": 0.18662812
        },
        {
          "x": 0.036531103,
          "y": 0.270090755,
          "z": 0.059108565
        },
        {
          "x": -0.036531103,
          "y": 0.270090755,
          "z": 0.059108565
        },
        {
          "x": -0.051582745,
          "y": 0.270090755,
          "z": 0.083462635
        },
        {
          "x": 0.051582745,
          "y": 0.270090755,
          "z": 0.083462635
        },
        {
          "x": 0,
          "y": 0.18662812,
          "z": -0.218508012
        },
        {
          "x": 0.024354068,
          "y": 0.171576476,
          "z": -0.218508012
        },
        {
          "x": 0.083462635,
          "y": 0.075936815,
          "z": -0.25503911
        },
        {
          "x": 0.083462635,
          "y": 0.051582745,
          "z": -0.270090755
        },
        {
          "x": 0.270090755,
          "y": 0.083462635,
          "z": 0.051582745
        },
        {
          "x": 0.25503911,
          "y": 0.083462635,
          "z": 0.075936815
        },
        {
          "x": 0.218508012,
          "y": 0.024354068,
          "z": 0.171576476
        },
        {
          "x": 0.218508012,
          "y": 0,
          "z": 0.18662812
        },
        {
          "x": -0.260788343,
          "y": 0.051582745,
          "z": -0.031879889
        },
        {
          "x": -0.260788343,
          "y": 0.051582745,
          "z": 0.031879889
        },
        {
          "x": -0.270090755,
          "y": 0.059108565,
          "z": 0.036531103
        },
        {
          "x": -0.270090755,
          "y": 0.059108565,
          "z": -0.036531103
        },
        {
          "x": -0.260788343,
          "y": -0.051582745,
          "z": 0.031879889
        },
        {
          "x": -0.270090755,
          "y": -0.059108565,
          "z": 0.036531103
        },
        {
          "x": 0.059108565,
          "y": 0.036531103,
          "z": -0.270090755
        },
        {
          "x": -0.059108565,
          "y": 0.036531103,
          "z": -0.270090755
        },
        {
          "x": -0.083462635,
          "y": 0.051582745,
          "z": -0.270090755
        },
        {
          "x": 0.132170769,
          "y": -0.098514274,
          "z": -0.210982193
        },
        {
          "x": 0.080588027,
          "y": -0.078811418,
          "z": -0.242862069
        },
        {
          "x": 0.083462635,
          "y": -0.075936815,
          "z": -0.25503911
        },
        {
          "x": 0.142571197,
          "y": -0.098514274,
          "z": -0.218508012
        },
        {
          "x": 0.132170769,
          "y": 0.098514274,
          "z": 0.210982193
        },
        {
          "x": 0.080588027,
          "y": 0.078811418,
          "z": 0.242862069
        },
        {
          "x": 0.083462635,
          "y": 0.075936815,
          "z": 0.25503911
        },
        {
          "x": 0.142571197,
          "y": 0.098514274,
          "z": 0.218508012
        },
        {
          "x": -0.16692527,
          "y": 0.051582745,
          "z": 0.031879889
        },
        {
          "x": -0.210982193,
          "y": 0.132170769,
          "z": 0.098514274
        },
        {
          "x": -0.162274064,
          "y": 0.210982193,
          "z": 0.029005281
        },
        {
          "x": -0.181976914,
          "y": 0.179102301,
          "z": 0.080588027
        },
        {
          "x": 0.218508012,
          "y": -0.16692527,
          "z": -0.083462635
        },
        {
          "x": 0.19415394,
          "y": -0.181976914,
          "z": -0.083462635
        },
        {
          "x": 0.098514274,
          "y": -0.218508012,
          "z": -0.142571197
        },
        {
          "x": 0.083462635,
          "y": -0.218508012,
          "z": -0.16692527
        },
        {
          "x": 0.103165491,
          "y": 0.031879889,
          "z": 0.250387905
        },
        {
          "x": 0.103165491,
          "y": 0.051582745,
          "z": 0.135045378
        },
        {
          "x": 0.154748228,
          "y": 0.051582745,
          "z": 0.218508012
        },
        {
          "x": 0,
          "y": -0.18662812,
          "z": 0.218508012
        },
        {
          "x": 0,
          "y": -0.16692527,
          "z": 0.226033832
        },
        {
          "x": -0.065197083,
          "y": -0.061434171,
          "z": 0.266327837
        },
        {
          "x": -0.083462635,
          "y": -0.051582745,
          "z": 0.270090755
        },
        {
          "x": 0.051582745,
          "y": 0.031879889,
          "z": -0.260788343
        },
        {
          "x": 0.051582745,
          "y": 0.031879889,
          "z": -0.16692527
        },
        {
          "x": -0.051582745,
          "y": 0.031879889,
          "z": -0.16692527
        },
        {
          "x": -0.051582745,
          "y": 0.031879889,
          "z": -0.260788343
        },
        {
          "x": 0.154748228,
          "y": -0.051582745,
          "z": 0.218508012
        },
        {
          "x": 0.103165491,
          "y": -0.051582745,
          "z": 0.135045378
        },
        {
          "x": 0.051582745,
          "y": -0.031879889,
          "z": 0.16692527
        },
        {
          "x": 0.103165491,
          "y": -0.031879889,
          "z": 0.250387905
        },
        {
          "x": -0.250387905,
          "y": 0.051582745,
          "z": 0.063759779
        },
        {
          "x": -0.218508012,
          "y": 0,
          "z": 0.147222406
        },
        {
          "x": -0.226033832,
          "y": 0,
          "z": 0.16692527
        },
        {
          "x": -0.270090755,
          "y": -0.083462635,
          "z": -0.051582745
        },
        {
          "x": -0.266327837,
          "y": -0.065197083,
          "z": -0.061434171
        },
        {
          "x": -0.226033832,
          "y": 0,
          "z": -0.16692527
        },
        {
          "x": -0.218508012,
          "y": 0,
          "z": -0.18662812
        },
        {
          "x": -0.19415394,
          "y": 0.181976914,
          "z": -0.083462635
        },
        {
          "x": -0.098514274,
          "y": 0.218508012,
          "z": -0.142571197
        },
        {
          "x": -0.083462635,
          "y": 0.218508012,
          "z": -0.16692527
        },
        {
          "x": 0.218508012,
          "y": 0.154748228,
          "z": -0.051582745
        },
        {
          "x": 0.221382615,
          "y": 0.162274064,
          "z": -0.066634385
        },
        {
          "x": 0.195930559,
          "y": 0.203456368,
          "z": 0
        },
        {
          "x": 0.198805148,
          "y": 0.18662812,
          "z": 0
        },
        {
          "x": 0.154748228,
          "y": -0.103165491,
          "z": 0.18662812
        },
        {
          "x": 0.135045378,
          "y": -0.103165491,
          "z": 0.051582745
        },
        {
          "x": 0.18662812,
          "y": -0.154748228,
          "z": 0.103165491
        },
        {
          "x": -0.210982193,
          "y": 0.132170769,
          "z": -0.098514274
        },
        {
          "x": -0.242862069,
          "y": 0.080588027,
          "z": -0.078811418
        },
        {
          "x": -0.25503911,
          "y": 0.083462635,
          "z": -0.075936815
        },
        {
          "x": -0.218508012,
          "y": 0.142571197,
          "z": -0.098514274
        },
        {
          "x": -0.099402576,
          "y": 0.204893683,
          "z": 0.164599653
        },
        {
          "x": -0.164599653,
          "y": 0.099402576,
          "z": 0.204893683
        },
        {
          "x": 0.250387905,
          "y": -0.103165491,
          "z": -0.031879889
        },
        {
          "x": 0.262564935,
          "y": -0.095639666,
          "z": -0.041182317
        },
        {
          "x": 0.262564935,
          "y": -0.095639666,
          "z": 0.041182317
        },
        {
          "x": 0.250387905,
          "y": -0.103165491,
          "z": 0.031879889
        },
        {
          "x": -0.031879889,
          "y": -0.250387905,
          "z": -0.103165491
        },
        {
          "x": -0.041182317,
          "y": -0.262564935,
          "z": -0.095639666
        },
        {
          "x": -0.066634385,
          "y": -0.221382615,
          "z": -0.162274064
        },
        {
          "x": -0.051582745,
          "y": -0.218508012,
          "z": -0.154748228
        },
        {
          "x": -0.204893683,
          "y": -0.164599653,
          "z": -0.099402576
        },
        {
          "x": -0.18662812,
          "y": -0.154748228,
          "z": -0.103165491
        },
        {
          "x": -0.103165491,
          "y": -0.18662812,
          "z": -0.154748228
        },
        {
          "x": -0.099402576,
          "y": -0.204893683,
          "z": -0.164599653
        },
        {
          "x": 0.051582745,
          "y": -0.031879889,
          "z": 0.260788343
        },
        {
          "x": -0.051582745,
          "y": -0.031879889,
          "z": 0.16692527
        },
