{
  "polygons": "true",
  "field": "golden",
  "symmetry": "icosahedral",
  "orientations": [
    [
      1,
      0,
      0,
      0,
      0,
      1,
      0,
      0,
      0,
      0,
      1,
      0,
      0,
      0,
      0,
      1
    ],
    [
      0,
      0,
      1,
      0,
      1,
      0,
      0,
      0,
      0,
      1,
      0,
      0,
      0,
      0,
      0,
      1
    ],
    [
      0,
      1,
      0,
      0,
      0,
      0,
      1,
      0,
      1,
      0,
      0,
      0,
      0,
      0,
      0,
      1
    ],
    [
      0.809017,
      0.309017,
      0.5,
      0,
      0.309017,
      0.5,
      -0.809017,
      0,
      -0.5,
      0.809017,
      0.309017,
      0,
      0,
      0,
      0,
      1
    ],
    [
      -0.5,
      0.809017,
      0.309017,
      0,
      0.809017,
      0.309017,
      0.5,
      0,
      0.309017,
      0.5,
      -0.809017,
      0,
      0,
      0,
      0,
      1
    ],
    [
      0.309017,
      0.5,
      -0.809017,
      0,
      -0.5,
      0.809017,
      0.309017,
      0,
      0.809017,
      0.309017,
      0.5,
      0,
      0,
      0,
      0,
      1
    ],
    [
      0.5,
      0.809017,
      0.309017,
      0,
      0.809017,
      -0.309017,
      -0.5,
      0,
      -0.309017,
      0.5,
      -0.809017,
      0,
      0,
      0,
      0,
      1
    ],
    [
      -0.309017,
      0.5,
      -0.809017,
      0,
      0.5,
      0.809017,
      0.309017,
      0,
      0.809017,
      -0.309017,
      -0.5,
      0,
      0,
      0,
      0,
      1
    ],
    [
      0.809017,
      -0.309017,
      -0.5,
      0,
      -0.309017,
      0.5,
      -0.809017,
      0,
      0.5,
      0.809017,
      0.309017,
      0,
      0,
      0,
      0,
      1
    ],
    [
      0.5,
      0.809017,
      -0.309017,
      0,
      0.809017,
      -0.309017,
      0.5,
      0,
      0.309017,
      -0.5,
      -0.809017,
      0,
      0,
      0,
      0,
      1
    ],
    [
      0.309017,
      -0.5,
      -0.809017,
      0,
      0.5,
      0.809017,
      -0.309017,
      0,
      0.809017,
      -0.309017,
      0.5,
      0,
      0,
      0,
      0,
      1
    ],
    [
      0.809017,
      -0.309017,
      0.5,
      0,
      0.309017,
      -0.5,
      -0.809017,
      0,
      0.5,
      0.809017,
      -0.309017,
      0,
      0,
      0,
      0,
      1
    ],
    [
      0.809017,
      0.309017,
      -0.5,
      0,
      0.309017,
      0.5,
      0.809017,
      0,
      0.5,
      -0.809017,
      0.309017,
      0,
      0,
      0,
      0,
      1
    ],
    [
      0.5,
      -0.809017,
      0.309017,
      0,
      0.809017,
      0.309017,
      -0.5,
      0,
      0.309017,
      0.5,
      0.809017,
      0,
      0,
      0,
      0,
      1
    ],
    [
      0.309017,
      0.5,
      0.809017,
      0,
      0.5,
      -0.809017,
      0.309017,
      0,
      0.809017,
      0.309017,
      -0.5,
      0,
      0,
      0,
      0,
      1
    ],
    [
      1,
      0,
      0,
      0,
      0,
      -1,
      0,
      0,
      0,
      0,
      -1,
      0,
      0,
      0,
      0,
      1
    ],
    [
      0,
      0,
      1,
      0,
      -1,
      0,
      0,
      0,
      0,
      -1,
      0,
      0,
      0,
      0,
      0,
      1
    ],
    [
      0,
      1,
      0,
      0,
      0,
      0,
      -1,
      0,
      -1,
      0,
      0,
      0,
      0,
      0,
      0,
      1
    ],
    [
      0.809017,
      0.309017,
      0.5,
      0,
      -0.309017,
      -0.5,
      0.809017,
      0,
      0.5,
      -0.809017,
      -0.309017,
      0,
      0,
      0,
      0,
      1
    ],
    [
      -0.5,
      0.809017,
      0.309017,
      0,
      -0.809017,
      -0.309017,
      -0.5,
      0,
      -0.309017,
      -0.5,
      0.809017,
      0,
      0,
      0,
      0,
      1
    ],
    [
      0.309017,
      0.5,
      -0.809017,
      0,
      0.5,
      -0.809017,
      -0.309017,
      0,
      -0.809017,
      -0.309017,
      -0.5,
      0,
      0,
      0,
      0,
      1
    ],
    [
      0.5,
      0.809017,
      0.309017,
      0,
      -0.809017,
      0.309017,
      0.5,
      0,
      0.309017,
      -0.5,
      0.809017,
      0,
      0,
      0,
      0,
      1
    ],
    [
      -0.309017,
      0.5,
      -0.809017,
      0,
      -0.5,
      -0.809017,
      -0.309017,
      0,
      -0.809017,
      0.309017,
      0.5,
      0,
      0,
      0,
      0,
      1
    ],
    [
      0.809017,
      -0.309017,
      -0.5,
      0,
      0.309017,
      -0.5,
      0.809017,
      0,
      -0.5,
      -0.809017,
      -0.309017,
      0,
      0,
      0,
      0,
      1
    ],
    [
      0.5,
      0.809017,
      -0.309017,
      0,
      -0.809017,
      0.309017,
      -0.5,
      0,
      -0.309017,
      0.5,
      0.809017,
      0,
      0,
      0,
      0,
      1
    ],
    [
      0.309017,
      -0.5,
      -0.809017,
      0,
      -0.5,
      -0.809017,
      0.309017,
      0,
      -0.809017,
      0.309017,
      -0.5,
      0,
      0,
      0,
      0,
      1
    ],
    [
      0.809017,
      -0.309017,
      0.5,
      0,
      -0.309017,
      0.5,
      0.809017,
      0,
      -0.5,
      -0.809017,
      0.309017,
      0,
      0,
      0,
      0,
      1
    ],
    [
      0.809017,
      0.309017,
      -0.5,
      0,
      -0.309017,
      -0.5,
      -0.809017,
      0,
      -0.5,
      0.809017,
      -0.309017,
      0,
      0,
      0,
      0,
      1
    ],
    [
      0.5,
      -0.809017,
      0.309017,
      0,
      -0.809017,
      -0.309017,
      0.5,
      0,
      -0.309017,
      -0.5,
      -0.809017,
      0,
      0,
      0,
      0,
      1
    ],
    [
      0.309017,
      0.5,
      0.809017,
      0,
      -0.5,
      0.809017,
      -0.309017,
      0,
      -0.809017,
      -0.309017,
      0.5,
      0,
      0,
      0,
      0,
      1
    ],
    [
      -1,
      0,
      0,
      0,
      0,
      -1,
      0,
      0,
      0,
      0,
      1,
      0,
      0,
      0,
      0,
      1
    ],
    [
      0,
      0,
      -1,
      0,
      -1,
      0,
      0,
      0,
      0,
      1,
      0,
      0,
      0,
      0,
      0,
      1
    ],
    [
      0,
      -1,
      0,
      0,
      0,
      0,
      -1,
      0,
      1,
      0,
      0,
      0,
      0,
      0,
      0,
      1
    ],
    [
      -0.809017,
      -0.309017,
      -0.5,
      0,
      -0.309017,
      -0.5,
      0.809017,
      0,
      -0.5,
      0.809017,
      0.309017,
      0,
      0,
      0,
      0,
      1
    ],
    [
      0.5,
      -0.809017,
      -0.309017,
      0,
      -0.809017,
      -0.309017,
      -0.5,
      0,
      0.309017,
      0.5,
      -0.809017,
      0,
      0,
      0,
      0,
      1
    ],
    [
      -0.309017,
      -0.5,
      0.809017,
      0,
      0.5,
      -0.809017,
      -0.309017,
      0,
      0.809017,
      0.309017,
      0.5,
      0,
      0,
      0,
      0,
      1
    ],
    [
      -0.5,
      -0.809017,
      -0.309017,
      0,
      -0.809017,
      0.309017,
      0.5,
      0,
      -0.309017,
      0.5,
      -0.809017,
      0,
      0,
      0,
      0,
      1
    ],
    [
      0.309017,
      -0.5,
      0.809017,
      0,
      -0.5,
      -0.809017,
      -0.309017,
      0,
      0.809017,
      -0.309017,
      -0.5,
      0,
      0,
      0,
      0,
      1
    ],
    [
      -0.809017,
      0.309017,
      0.5,
      0,
      0.309017,
      -0.5,
      0.809017,
      0,
      0.5,
      0.809017,
      0.309017,
      0,
      0,
      0,
      0,
      1
    ],
    [
      -0.5,
      -0.809017,
      0.309017,
      0,
      -0.809017,
      0.309017,
      -0.5,
      0,
      0.309017,
      -0.5,
      -0.809017,
      0,
      0,
      0,
      0,
      1
    ],
    [
      -0.309017,
      0.5,
      0.809017,
      0,
      -0.5,
      -0.809017,
      0.309017,
      0,
      0.809017,
      -0.309017,
      0.5,
      0,
      0,
      0,
      0,
      1
    ],
    [
      -0.809017,
      0.309017,
      -0.5,
      0,
      -0.309017,
      0.5,
      0.809017,
      0,
      0.5,
      0.809017,
      -0.309017,
      0,
      0,
      0,
      0,
      1
    ],
    [
      -0.809017,
      -0.309017,
      0.5,
      0,
      -0.309017,
      -0.5,
      -0.809017,
      0,
      0.5,
      -0.809017,
      0.309017,
      0,
      0,
      0,
      0,
      1
    ],
    [
      -0.5,
      0.809017,
      -0.309017,
      0,
      -0.809017,
      -0.309017,
      0.5,
      0,
      0.309017,
      0.5,
      0.809017,
      0,
      0,
      0,
      0,
      1
    ],
    [
      -0.309017,
      -0.5,
      -0.809017,
      0,
      -0.5,
      0.809017,
      -0.309017,
      0,
      0.809017,
      0.309017,
      -0.5,
      0,
      0,
      0,
      0,
      1
    ],
    [
      -1,
      0,
      0,
      0,
      0,
      1,
      0,
      0,
      0,
      0,
      -1,
      0,
      0,
      0,
      0,
      1
    ],
    [
      0,
      0,
      -1,
      0,
      1,
      0,
      0,
      0,
      0,
      -1,
      0,
      0,
      0,
      0,
      0,
      1
    ],
    [
      0,
      -1,
      0,
      0,
      0,
      0,
      1,
      0,
      -1,
      0,
      0,
      0,
      0,
      0,
      0,
      1
    ],
    [
      -0.809017,
      -0.309017,
      -0.5,
      0,
      0.309017,
      0.5,
      -0.809017,
      0,
      0.5,
      -0.809017,
      -0.309017,
      0,
      0,
      0,
      0,
      1
    ],
    [
      0.5,
      -0.809017,
      -0.309017,
      0,
      0.809017,
      0.309017,
      0.5,
      0,
      -0.309017,
      -0.5,
      0.809017,
      0,
      0,
      0,
      0,
      1
    ],
    [
      -0.309017,
      -0.5,
      0.809017,
      0,
      -0.5,
      0.809017,
      0.309017,
      0,
      -0.809017,
      -0.309017,
      -0.5,
      0,
      0,
      0,
      0,
      1
    ],
    [
      -0.5,
      -0.809017,
      -0.309017,
      0,
      0.809017,
      -0.309017,
      -0.5,
      0,
      0.309017,
      -0.5,
      0.809017,
      0,
      0,
      0,
      0,
      1
    ],
    [
      0.309017,
      -0.5,
      0.809017,
      0,
      0.5,
      0.809017,
      0.309017,
      0,
      -0.809017,
      0.309017,
      0.5,
      0,
      0,
      0,
      0,
      1
    ],
    [
      -0.809017,
      0.309017,
      0.5,
      0,
      -0.309017,
      0.5,
      -0.809017,
      0,
      -0.5,
      -0.809017,
      -0.309017,
      0,
      0,
      0,
      0,
      1
    ],
    [
      -0.5,
      -0.809017,
      0.309017,
      0,
      0.809017,
      -0.309017,
      0.5,
      0,
      -0.309017,
      0.5,
      0.809017,
      0,
      0,
      0,
      0,
      1
    ],
    [
      -0.309017,
      0.5,
      0.809017,
      0,
      0.5,
      0.809017,
      -0.309017,
      0,
      -0.809017,
      0.309017,
      -0.5,
      0,
      0,
      0,
      0,
      1
    ],
    [
      -0.809017,
      0.309017,
      -0.5,
      0,
      0.309017,
      -0.5,
      -0.809017,
      0,
      -0.5,
      -0.809017,
      0.309017,
      0,
      0,
      0,
      0,
      1
    ],
    [
      -0.809017,
      -0.309017,
      0.5,
      0,
      0.309017,
      0.5,
      0.809017,
      0,
      -0.5,
      0.809017,
      -0.309017,
      0,
      0,
      0,
      0,
      1
    ],
    [
      -0.5,
      0.809017,
      -0.309017,
      0,
      0.809017,
      0.309017,
      -0.5,
      0,
      -0.309017,
      -0.5,
      -0.809017,
      0,
      0,
      0,
      0,
      1
    ],
    [
      -0.309017,
      -0.5,
      -0.809017,
      0,
      0.5,
      -0.809017,
      0.309017,
      0,
      -0.809017,
      -0.309017,
      0.5,
      0,
      0,
      0,
      0,
      1
    ]
  ],
  "lights": {
    "directionalLights": [
      {
        "direction": [
          1,
          -1,
          -1
        ],
        "color": "#EBEBE4"
      },
      {
        "direction": [
          -1,
          0,
          0
        ],
        "color": "#E4E4EB"
      },
      {
        "direction": [
          0,
          0,
          -1
        ],
        "color": "#1E1E1E"
      }
    ],
    "backgroundColor": "#AFC8DC",
    "ambientColor": "#292929"
  },
  "camera": {
    "width": 16.000000030597686,
    "position": {
      "x": 0,
      "y": 0,
      "z": 32.00000006119537
    },
    "perspective": true,
    "lookAtPointRV": {
      "x": 0,
      "y": 0,
      "z": 0,
      "zero": true
    },
    "viewDistance": 32.00000006119537,
    "lookDirectionRV": {
      "x": 0,
      "y": 0,
      "z": -1,
      "zero": false
    },
    "fieldOfView": 28.072486935852954,
    "upDirectionRV": {
      "x": 0,
      "y": 1,
      "z": 0,
      "zero": false
    },
    "nearClipDistance": 3.2000000061195375,
    "lookAtPoint": {
      "x": 0,
      "y": 0,
      "z": 0
    },
    "upDirection": {
      "x": 0,
      "y": 1,
      "z": 0
    },
    "lookDirection": {
      "x": 0,
      "y": 0,
      "z": -1
    },
    "stereo": false,
    "farClipDistance": 64.00000012239074
  },
  "embedding": [
    1,
    0,
    0,
    0,
    0,
    1,
    0,
    0,
    0,
    0,
    1,
    0,
    0,
    0,
    0,
    1
  ],
  "shapes": [
    {
      "id": "8ac87da0-9c61-4fc2-9560-34dec771f0f8",
      "name": "ball",
      "vertices": [
        {
          "x": -0.281152938,
          "y": 0.263932019,
          "z": 0
        },
        {
          "x": -0.163118959,
          "y": 0.190983005,
          "z": 0
        },
        {
          "x": -0.190983005,
          "y": 0.145898037,
          "z": 0.072949018
        },
        {
          "x": -0.309016996,
          "y": 0.218847043,
          "z": 0.072949018
        },
        {
          "x": 0.281152938,
          "y": -0.263932019,
          "z": 0
        },
        {
          "x": 0.277087655,
          "y": -0.287730756,
          "z": 0
        },
        {
          "x": 0.313082298,
          "y": -0.229490183,
          "z": -0.094235251
        },
        {
          "x": 0.309016996,
          "y": -0.218847043,
          "z": -0.072949018
        },
        {
          "x": 0.218847043,
          "y": -0.072949018,
          "z": -0.309016996
        },
        {
          "x": 0.145898037,
          "y": -0.072949018,
          "z": -0.190983005
        },
        {
          "x": 0.190983005,
          "y": 0,
          "z": -0.163118959
        },
        {
          "x": 0.263932019,
          "y": 0,
          "z": -0.281152938
        },
        {
          "x": 0.368810413,
          "y": 0.072949018,
          "z": -0.045084972
        },
        {
          "x": 0.236067981,
          "y": 0.072949018,
          "z": -0.045084972
        },
        {
          "x": 0.236067981,
          "y": -0.072949018,
          "z": -0.045084972
        },
        {
          "x": 0.368810413,
          "y": -0.072949018,
          "z": -0.045084972
        },
        {
          "x": -0.309016996,
          "y": 0.236067981,
          "z": -0.118033991
        },
        {
          "x": -0.289763426,
          "y": 0.232779063,
          "z": -0.140576471
        },
        {
          "x": -0.232779063,
          "y": 0.140576471,
          "z": -0.289763426
        },
        {
          "x": -0.236067981,
          "y": 0.118033991,
          "z": -0.309016996
        },
        {
          "x": -0.072949018,
          "y": 0.309016996,
          "z": -0.218847043
        },
        {
          "x": -0.094235251,
          "y": 0.313082298,
          "z": -0.229490183
        },
        {
          "x": -0.058240592,
          "y": 0.371322894,
          "z": -0.135254913
        },
        {
          "x": -0.045084972,
          "y": 0.354101972,
          "z": -0.145898037
        },
        {
          "x": -0.045084972,
          "y": -0.368810413,
          "z": 0.072949018
        },
        {
          "x": 0.045084972,
          "y": -0.368810413,
          "z": 0.072949018
        },
        {
          "x": 0.051662782,
          "y": -0.38196601,
          "z": 0.083592134
        },
        {
          "x": -0.051662782,
          "y": -0.38196601,
          "z": 0.083592134
        },
        {
          "x": -0.263932019,
          "y": -0.218847043,
          "z": 0.145898037
        },
        {
          "x": -0.190983005,
          "y": -0.145898037,
          "z": 0.072949018
        },
        {
          "x": -0.145898037,
          "y": -0.072949018,
          "z": 0.190983005
        },
        {
          "x": -0.218847043,
          "y": -0.145898037,
          "z": 0.263932019
        },
        {
          "x": 0.368810413,
          "y": 0.072949018,
          "z": 0.045084972
        },
        {
          "x": 0.38196601,
          "y": 0.083592134,
          "z": -0.051662782
        },
        {
          "x": 0.38196601,
          "y": 0.083592134,
          "z": 0.051662782
        },
        {
          "x": -0.38196601,
          "y": -0.118033991,
          "z": 0.072949018
        },
        {
          "x": -0.37664444,
          "y": -0.092202599,
          "z": 0.086881038
        },
        {
          "x": -0.37664444,
          "y": 0.092202599,
          "z": 0.086881038
        },
        {
          "x": -0.38196601,
          "y": 0.118033991,
          "z": 0.072949018
        },
        {
          "x": -0.11396868,
          "y": 0.111456177,
          "z": 0.343458832
        },
        {
          "x": -0.186917695,
          "y": 0.139320223,
          "z": 0.298373879
        },
        {
          "x": -0.201626121,
          "y": 0.139320223,
          "z": 0.309016996
        },
        {
          "x": -0.118033991,
          "y": 0.107390874,
          "z": 0.36067977
        },
        {
          "x": -0.145898037,
          "y": 0.263932019,
          "z": 0.218847043
        },
        {
          "x": -0.072949018,
          "y": 0.190983005,
          "z": 0.145898037
        },
        {
          "x": -0.145898037,
          "y": 0.072949018,
          "z": 0.190983005
        },
        {
          "x": -0.218847043,
          "y": 0.145898037,
          "z": 0.263932019
        },
        {
          "x": -0.072949018,
          "y": 0.190983005,
          "z": -0.145898037
        },
        {
          "x": 0,
          "y": 0.163118959,
          "z": -0.190983005
        },
        {
          "x": 0,
          "y": 0.281152938,
          "z": -0.263932019
        },
        {
          "x": -0.309016996,
          "y": 0.034441854,
          "z": 0.242645779
        },
        {
          "x": -0.298373879,
          "y": 0.041019662,
          "z": 0.229490183
        },
        {
          "x": -0.343458832,
          "y": 0.11396868,
          "z": 0.111456177
        },
        {
          "x": -0.36067977,
          "y": 0.118033991,
          "z": 0.107390874
        },
        {
          "x": 0,
          "y": 0.208203923,
          "z": 0.309016996
        },
        {
          "x": 0,
          "y": 0.163118959,
          "z": 0.190983005
        },
        {
          "x": 0.072949018,
          "y": 0.045084972,
          "z": 0.236067981
        },
        {
          "x": 0.072949018,
          "y": 0.090169944,
          "z": 0.354101972
        },
        {
          "x": 0.072949018,
          "y": -0.309016996,
          "z": 0.218847043
        },
        {
          "x": 0.072949018,
          "y": -0.190983005,
          "z": 0.145898037
        },
        {
          "x": 0.045084972,
          "y": -0.236067981,
          "z": 0.072949018
        },
        {
          "x": 0.045084972,
          "y": -0.354101972,
          "z": 0.145898037
        },
        {
          "x": 0.257354221,
          "y": 0.118033991,
          "z": 0.274575136
        },
        {
          "x": 0.253288903,
          "y": 0.11396868,
          "z": 0.257354221
        },
        {
          "x": 0.298373879,
          "y": 0.186917695,
          "z": 0.139320223
        },
        {
          "x": 0.309016996,
          "y": 0.201626121,
          "z": 0.139320223
        },
        {
          "x": 0.257354221,
          "y": -0.253288903,
          "z": -0.11396868
        },
        {
          "x": 0.190983005,
          "y": -0.145898037,
          "z": -0.072949018
        },
        {
          "x": 0.072949018,
          "y": -0.190983005,
          "z": -0.145898037
        },
        {
          "x": 0.139320223,
          "y": -0.298373879,
          "z": -0.186917695
        },
        {
          "x": -0.072949018,
          "y": 0.309016996,
          "z": 0.218847043
        },
        {
          "x": -0.094235251,
          "y": 0.313082298,
          "z": 0.229490183
        },
        {
          "x": 0,
          "y": 0.277087655,
          "z": 0.287730756
        },
        {
          "x": 0,
          "y": 0.281152938,
          "z": 0.263932019
        },
        {
          "x": 0.051662782,
          "y": 0.38196601,
          "z": 0.083592134
        },
        {
          "x": -0.051662782,
          "y": 0.38196601,
          "z": 0.083592134
        },
        {
          "x": -0.072949018,
          "y": 0.38196601,
          "z": 0.118033991
        },
        {
          "x": 0.072949018,
          "y": 0.38196601,
          "z": 0.118033991
        },
        {
          "x": 0,
          "y": 0.263932019,
          "z": -0.309016996
        },
        {
          "x": 0.034441854,
          "y": 0.242645779,
          "z": -0.309016996
        },
        {
          "x": 0.118033991,
          "y": 0.107390874,
          "z": -0.36067977
        },
        {
          "x": 0.118033991,
          "y": 0.072949018,
          "z": -0.38196601
        },
        {
          "x": 0.38196601,
          "y": 0.118033991,
          "z": 0.072949018
        },
        {
          "x": 0.36067977,
          "y": 0.118033991,
          "z": 0.107390874
        },
        {
          "x": 0.309016996,
          "y": 0.034441854,
          "z": 0.242645779
        },
        {
          "x": 0.309016996,
          "y": 0,
          "z": 0.263932019
        },
        {
          "x": -0.368810413,
          "y": 0.072949018,
          "z": -0.045084972
        },
        {
          "x": -0.368810413,
          "y": 0.072949018,
          "z": 0.045084972
        },
        {
          "x": -0.38196601,
          "y": 0.083592134,
          "z": 0.051662782
        },
        {
          "x": -0.38196601,
          "y": 0.083592134,
          "z": -0.051662782
        },
        {
          "x": -0.368810413,
          "y": -0.072949018,
          "z": 0.045084972
        },
        {
          "x": -0.38196601,
          "y": -0.083592134,
          "z": 0.051662782
        },
        {
          "x": 0.083592134,
          "y": 0.051662782,
          "z": -0.38196601
        },
        {
          "x": -0.083592134,
          "y": 0.051662782,
          "z": -0.38196601
        },
        {
          "x": -0.118033991,
          "y": 0.072949018,
          "z": -0.38196601
        },
        {
          "x": 0.186917695,
          "y": -0.139320223,
          "z": -0.298373879
        },
        {
          "x": 0.11396868,
          "y": -0.111456177,
          "z": -0.343458832
        },
        {
          "x": 0.118033991,
          "y": -0.107390874,
          "z": -0.36067977
        },
        {
          "x": 0.201626121,
          "y": -0.139320223,
          "z": -0.309016996
        },
        {
          "x": 0.186917695,
          "y": 0.139320223,
          "z": 0.298373879
        },
        {
          "x": 0.11396868,
          "y": 0.111456177,
          "z": 0.343458832
        },
        {
          "x": 0.118033991,
          "y": 0.107390874,
          "z": 0.36067977
        },
        {
          "x": 0.201626121,
          "y": 0.139320223,
          "z": 0.309016996
        },
        {
          "x": -0.236067981,
          "y": 0.072949018,
          "z": 0.045084972
        },
        {
          "x": -0.298373879,
          "y": 0.186917695,
          "z": 0.139320223
        },
        {
          "x": -0.229490183,
          "y": 0.298373879,
          "z": 0.041019662
        },
        {
          "x": -0.257354221,
          "y": 0.253288903,
          "z": 0.11396868
        },
        {
          "x": 0.309016996,
          "y": -0.236067981,
          "z": -0.118033991
        },
        {
          "x": 0.274575136,
          "y": -0.257354221,
          "z": -0.118033991
        },
        {
          "x": 0.139320223,
          "y": -0.309016996,
          "z": -0.201626121
        },
        {
          "x": 0.118033991,
          "y": -0.309016996,
          "z": -0.236067981
        },
        {
          "x": 0.145898037,
          "y": 0.045084972,
          "z": 0.354101972
        },
        {
          "x": 0.145898037,
          "y": 0.072949018,
          "z": 0.190983005
        },
        {
          "x": 0.218847043,
          "y": 0.072949018,
          "z": 0.309016996
        },
        {
          "x": 0,
          "y": -0.263932019,
          "z": 0.309016996
        },
        {
          "x": 0,
          "y": -0.236067981,
          "z": 0.319660112
        },
        {
          "x": -0.092202599,
          "y": -0.086881038,
          "z": 0.37664444
        },
        {
          "x": -0.118033991,
          "y": -0.072949018,
          "z": 0.38196601
        },
        {
          "x": 0.072949018,
          "y": 0.045084972,
          "z": -0.368810413
        },
        {
          "x": 0.072949018,
          "y": 0.045084972,
          "z": -0.236067981
        },
        {
          "x": -0.072949018,
          "y": 0.045084972,
          "z": -0.236067981
        },
        {
          "x": -0.072949018,
          "y": 0.045084972,
          "z": -0.368810413
        },
        {
          "x": 0.218847043,
          "y": -0.072949018,
          "z": 0.309016996
        },
        {
          "x": 0.145898037,
          "y": -0.072949018,
          "z": 0.190983005
        },
        {
          "x": 0.072949018,
          "y": -0.045084972,
          "z": 0.236067981
        },
        {
          "x": 0.145898037,
          "y": -0.045084972,
          "z": 0.354101972
        },
        {
          "x": -0.354101972,
          "y": 0.072949018,
          "z": 0.090169944
        },
        {
          "x": -0.309016996,
          "y": 0,
          "z": 0.208203923
        },
        {
          "x": -0.319660112,
          "y": 0,
          "z": 0.236067981
        },
        {
          "x": -0.38196601,
          "y": -0.118033991,
          "z": -0.072949018
        },
        {
          "x": -0.37664444,
          "y": -0.092202599,
          "z": -0.086881038
        },
        {
          "x": -0.319660112,
          "y": 0,
          "z": -0.236067981
        },
        {
          "x": -0.309016996,
          "y": 0,
          "z": -0.263932019
        },
        {
          "x": -0.274575136,
          "y": 0.257354221,
          "z": -0.118033991
        },
        {
          "x": -0.139320223,
          "y": 0.309016996,
          "z": -0.201626121
        },
        {
          "x": -0.118033991,
          "y": 0.309016996,
          "z": -0.236067981
        },
        {
          "x": 0.309016996,
          "y": 0.218847043,
          "z": -0.072949018
        },
        {
          "x": 0.313082298,
          "y": 0.229490183,
          "z": -0.094235251
        },
        {
          "x": 0.277087655,
          "y": 0.287730756,
          "z": 0
        },
        {
          "x": 0.281152938,
          "y": 0.263932019,
          "z": 0
        },
        {
          "x": 0.218847043,
          "y": -0.145898037,
          "z": 0.263932019
        },
        {
          "x": 0.190983005,
          "y": -0.145898037,
          "z": 0.072949018
        },
        {
          "x": 0.263932019,
          "y": -0.218847043,
          "z": 0.145898037
        },
        {
          "x": -0.298373879,
          "y": 0.186917695,
          "z": -0.139320223
        },
        {
          "x": -0.343458832,
          "y": 0.11396868,
          "z": -0.111456177
        },
        {
          "x": -0.36067977,
          "y": 0.118033991,
          "z": -0.107390874
        },
        {
          "x": -0.309016996,
          "y": 0.201626121,
          "z": -0.139320223
        },
        {
          "x": -0.140576471,
          "y": 0.289763426,
          "z": 0.232779063
        },
        {
          "x": -0.232779063,
          "y": 0.140576471,
          "z": 0.289763426
        },
        {
          "x": 0.354101972,
          "y": -0.145898037,
          "z": -0.045084972
        },
        {
          "x": 0.371322894,
          "y": -0.135254913,
          "z": -0.058240592
        },
        {
          "x": 0.371322894,
          "y": -0.135254913,
          "z": 0.058240592
        },
        {
          "x": 0.354101972,
          "y": -0.145898037,
          "z": 0.045084972
        },
        {
          "x": -0.045084972,
          "y": -0.354101972,
          "z": -0.145898037
        },
        {
          "x": -0.058240592,
          "y": -0.371322894,
          "z": -0.135254913
        },
        {
          "x": -0.094235251,
          "y": -0.313082298,
          "z": -0.229490183
        },
        {
          "x": -0.072949018,
          "y": -0.309016996,
          "z": -0.218847043
        },
        {
          "x": -0.289763426,
          "y": -0.232779063,
          "z": -0.140576471
        },
        {
          "x": -0.263932019,
          "y": -0.218847043,
          "z": -0.145898037
        },
        {
          "x": -0.145898037,
          "y": -0.263932019,
          "z": -0.218847043
        },
        {
          "x": -0.140576471,
          "y": -0.289763426,
          "z": -0.232779063
        },
        {
          "x": 0.072949018,
          "y": -0.045084972,
          "z": 0.368810413
        },
        {
          "x": -0.072949018,
          "y": -0.045084972,
          "z": 0.236067981
        },
        {
          "x": -0.072949018,
          "y": -0.045084972,
          "z": 0.368810413
        },
        {
          "x": -0.253288903,
          "y": -0.11396868,
          "z": 0.257354221
        },
        {
          "x": -0.298373879,
          "y": -0.186917695,
          "z": 0.139320223
        },
        {
          "x": -0.045084972,
          "y": 0.368810413,
          "z": 0.072949018
        },
        {
          "x": -0.045084972,
          "y": 0.236067981,
          "z": 0.072949018
        },
        {
          "x": -0.045084972,
          "y": 0.236067981,
          "z": -0.072949018
        },
        {
          "x": -0.045084972,
          "y": 0.368810413,
          "z": -0.072949018
        },
        {
          "x": 0.190983005,
          "y": 0.145898037,
          "z": -0.072949018
        },
        {
          "x": 0.354101972,
          "y": 0.145898037,
          "z": -0.045084972
        },
        {
          "x": 0.034441854,
          "y": -0.242645779,
          "z": 0.309016996
        },
        {
          "x": 0.041019662,
          "y": -0.229490183,
          "z": 0.298373879
        },
        {
          "x": 0.11396868,
          "y": -0.111456177,
          "z": 0.343458832
        },
        {
          "x": 0.118033991,
          "y": -0.107390874,
          "z": 0.36067977
        },
        {
          "x": 0.092202599,
          "y": 0.086881038,
          "z": -0.37664444
        },
        {
          "x": 0.072949018,
          "y": 0.090169944,
          "z": -0.354101972
        },
        {
          "x": 0,
          "y": 0.208203923,
          "z": -0.309016996
        },
        {
          "x": 0,
          "y": 0.236067981,
          "z": -0.319660112
        },
        {
          "x": 0.186917695,
          "y": 0.139320223,
          "z": -0.298373879
        },
        {
          "x": 0.145898037,
          "y": 0.072949018,
          "z": -0.190983005
        },
        {
          "x": 0.072949018,
          "y": 0.190983005,
          "z": -0.145898037
        },
        {
          "x": 0.11396868,
          "y": 0.257354221,
          "z": -0.253288903
        },
        {
          "x": -0.118033991,
          "y": -0.072949018,
          "z": -0.38196601
        },
        {
          "x": -0.083592134,
          "y": -0.051662782,
          "z": -0.38196601
        },
        {
          "x": 0.083592134,
          "y": -0.051662782,
          "z": -0.38196601
        },
        {
          "x": 0.118033991,
          "y": -0.072949018,
          "z": -0.38196601
        },
        {
          "x": -0.118033991,
          "y": 0.309016996,
          "z": 0.236067981
        },
        {
          "x": -0.236067981,
          "y": 0.118033991,
          "z": 0.309016996
        },
        {
          "x": -0.111456177,
          "y": 0.343458832,
          "z": 0.11396868
        },
        {
          "x": -0.139320223,
          "y": 0.298373879,
          "z": 0.186917695
        },
        {
          "x": -0.139320223,
          "y": 0.309016996,
          "z": 0.201626121
        },
        {
          "x": -0.107390874,
          "y": 0.36067977,
          "z": 0.118033991
        },
        {
          "x": 0.135254913,
          "y": 0.058240592,
          "z": -0.371322894
        },
        {
          "x": 0.236067981,
          "y": 0.118033991,
          "z": -0.309016996
        },
        {
          "x": 0.229490183,
          "y": 0.094235251,
          "z": -0.313082298
        },
        {
          "x": 0.072949018,
          "y": -0.045084972,
          "z": -0.236067981
        },
        {
          "x": -0.253288903,
          "y": -0.11396868,
          "z": -0.257354221
        },
        {
          "x": -0.298373879,
          "y": -0.041019662,
          "z": -0.229490183
        },
        {
          "x": -0.309016996,
          "y": -0.034441854,
          "z": -0.242645779
        },
        {
          "x": -0.257354221,
          "y": -0.118033991,
          "z": -0.274575136
        },
        {
          "x": -0.236067981,
          "y": -0.118033991,
          "z": 0.309016996
        },
        {
          "x": -0.232779063,
          "y": -0.140576471,
          "z": 0.289763426
        },
        {
          "x": -0.140576471,
          "y": -0.289763426,
          "z": 0.232779063
        },
        {
          "x": -0.118033991,
          "y": -0.309016996,
          "z": 0.236067981
        },
        {
          "x": -0.072949018,
          "y": -0.309016996,
          "z": 0.218847043
        },
        {
          "x": -0.094235251,
          "y": -0.313082298,
          "z": 0.229490183
        },
        {
          "x": -0.058240592,
          "y": -0.371322894,
          "z": 0.135254913
        },
        {
          "x": -0.045084972,
          "y": -0.354101972,
          "z": 0.145898037
        },
        {
          "x": -0.289763426,
          "y": -0.232779063,
          "z": 0.140576471
        },
        {
          "x": -0.309016996,
          "y": -0.236067981,
          "z": 0.118033991
        },
        {
          "x": 0.309016996,
          "y": 0,
          "z": -0.208203923
        },
        {
          "x": 0.354101972,
          "y": -0.072949018,
          "z": -0.090169944
        },
        {
          "x": 0.298373879,
          "y": -0.186917695,
          "z": 0.139320223
        },
        {
          "x": 0.253288903,
          "y": -0.11396868,
          "z": 0.257354221
        },
        {
          "x": 0.11396868,
          "y": 0.111456177,
          "z": -0.343458832
        },
        {
          "x": -0.118033991,
          "y": 0.072949018,
          "z": 0.38196601
        },
        {
          "x": -0.218847043,
          "y": 0.145898037,
          "z": -0.263932019
        },
        {
          "x": -0.145898037,
          "y": 0.072949018,
          "z": -0.190983005
        },
        {
          "x": -0.145898037,
          "y": 0.263932019,
          "z": -0.218847043
        },
        {
          "x": -0.107390874,
          "y": 0.36067977,
          "z": -0.118033991
        },
        {
          "x": -0.072949018,
          "y": 0.38196601,
          "z": -0.118033991
        },
        {
          "x": 0.253288903,
          "y": -0.11396868,
          "z": -0.257354221
        },
        {
          "x": 0.298373879,
          "y": -0.186917695,
          "z": -0.139320223
        },
        {
          "x": -0.090169944,
          "y": -0.354101972,
          "z": 0.072949018
        },
        {
          "x": -0.045084972,
          "y": -0.236067981,
          "z": 0.072949018
        },
        {
          "x": -0.045084972,
          "y": -0.236067981,
          "z": -0.072949018
        },
        {
          "x": -0.090169944,
          "y": -0.354101972,
          "z": -0.072949018
        },
        {
          "x": 0,
          "y": -0.163118959,
          "z": 0.190983005
        },
        {
          "x": 0.11396868,
          "y": -0.257354221,
          "z": 0.253288903
        },
        {
          "x": 0.072949018,
          "y": 0.309016996,
          "z": 0.218847043
        },
        {
          "x": 0.072949018,
          "y": 0.190983005,
          "z": 0.145898037
        },
        {
          "x": 0,
          "y": -0.208203923,
          "z": -0.309016996
        },
        {
          "x": 0,
          "y": -0.163118959,
          "z": -0.190983005
        },
        {
          "x": 0.072949018,
          "y": -0.090169944,
          "z": -0.354101972
        },
        {
          "x": -0.107390874,
          "y": -0.36067977,
          "z": 0.118033991
        },
        {
          "x": -0.111456177,
          "y": -0.343458832,
          "z": 0.11396868
        },
        {
          "x": -0.229490183,
          "y": -0.298373879,
          "z": 0.041019662
        },
        {
          "x": -0.242645779,
          "y": -0.309016996,
          "z": 0.034441854
        },
        {
          "x": -0.092202599,
          "y": 0.086881038,
          "z": -0.37664444
        },
        {
          "x": -0.218847043,
          "y": 0.072949018,
          "z": -0.309016996
        },
        {
          "x": -0.190983005,
          "y": 0,
          "z": -0.163118959
        },
        {
          "x": -0.263932019,
          "y": 0,
          "z": -0.281152938
        },
        {
          "x": 0.041019662,
          "y": -0.229490183,
          "z": -0.298373879
        },
        {
          "x": 0.034441854,
          "y": -0.242645779,
          "z": -0.309016996
        },
        {
          "x": -0.309016996,
          "y": 0,
          "z": -0.208203923
        },
        {
          "x": -0.354101972,
          "y": 0.072949018,
          "z": -0.090169944
        },
        {
          "x": -0.37664444,
          "y": 0.092202599,
          "z": -0.086881038
        },
        {
          "x": 0.229490183,
          "y": 0.298373879,
          "z": -0.041019662
        },
        {
          "x": 0.163118959,
          "y": 0.190983005,
          "z": 0
        },
        {
          "x": 0.045084972,
          "y": 0.236067981,
          "z": -0.072949018
        },
        {
          "x": 0.111456177,
          "y": 0.343458832,
          "z": -0.11396868
        },
        {
          "x": 0.072949018,
          "y": 0.38196601,
          "z": -0.118033991
        },
        {
          "x": 0.086881038,
          "y": 0.37664444,
